0 -0.000000 -0.000000 0.000000
0 -0.000000 -0.000000 0.000000
2500 0.188606 0.981580 -0.030460
1000 -0.867754 0.050500 -0.494421
2500 0.064662 0.196160 0.978438
2500 0.393649 0.650715 -0.649315
1000 -0.412651 -0.494838 -0.764758
2500 -0.640916 -0.767607 0.002540
2500 -0.820093 -0.237360 -0.520681
1000 0.807666 -0.518019 -0.281659
2500 -0.000848 0.645619 0.763659
2500 0.867759 0.385079 0.314180
1000 0.791446 0.594778 0.140900
2500 -0.745378 0.644955 -0.168659
2500 -0.337922 -0.351322 0.873145
1000 -0.889945 0.455219 0.027820
2500 0.939876 0.335261 0.065060
0 -0.000000 -0.000000 0.000000
2500 -0.272138 0.570536 0.774874
1000 0.603954 -0.447079 0.659818
2500 -0.405182 -0.906129 -0.121481
2500 -0.656020 0.218519 0.722417
1000 -0.486997 0.678676 -0.549757
2500 0.072098 0.329279 -0.941476
2500 -0.729065 0.677763 0.095400
1000 0.094559 0.848575 0.520557
2500 0.445820 0.882896 -0.147439
2500 -0.880945 -0.151120 0.448440
1000 -0.816691 0.315400 -0.483259
2500 0.486240 -0.077040 -0.870423
2500 0.076698 -0.995397 -0.057460
1000 0.154450 -0.790580 -0.592560
2500 -0.096459 0.937111 0.335437
0 -0.000000 -0.000000 0.000000
2500 -0.189118 -0.558960 0.807340
1000 -0.632074 -0.584866 0.508345
2500 0.945942 0.260381 -0.193380
2500 0.236613 -0.728803 0.642542
1000 0.979123 -0.203260 -0.001820
2500 -0.157044 -0.957402 -0.242320
2500 -0.457074 0.273739 -0.846257
1000 -0.392188 0.329620 0.858801
2500 0.544062 -0.838227 0.037040
2500 -0.657965 -0.431078 -0.617457
1000 0.164100 0.455524 0.874968
2500 -0.304031 0.864712 -0.399797
2500 -0.633589 0.625103 0.455862
1000 0.212736 -0.151541 -0.965287
2500 0.553132 0.074779 -0.829731
0 -0.000000 -0.000000 0.000000
2500 0.043314 -0.885287 0.463024
1000 0.554626 0.255579 0.791877
2500 0.501568 -0.011960 0.865036
2500 -0.731689 -0.308082 0.608043
1000 0.493422 0.664695 0.560995
2500 0.709263 0.574578 0.408419
2500 0.340910 -0.853970 -0.393085
1000 0.255661 -0.036100 0.966092
2500 -0.579693 -0.767357 -0.274079
2500 0.362690 -0.518863 0.774104
1000 0.706698 -0.565101 0.425721
2500 -0.248572 -0.694613 -0.675074
2500 -0.818127 -0.436162 0.374742
1000 -0.208843 -0.931944 0.296421
2500 0.536889 0.443200 -0.717861
0 -0.000000 -0.000000 0.000000
2500 0.331679 -0.934523 -0.129060
1000 -0.219436 -0.816627 0.533824
2500 0.767051 -0.374921 -0.520641
2500 0.880431 -0.408881 0.240121
1000 -0.686713 0.196581 -0.699844
2500 0.861018 -0.121700 -0.493799
2500 0.735077 0.036860 -0.676981
1000 -0.011804 -0.073540 0.997222
2500 -0.970332 0.013440 0.241401
2500 -0.997490 -0.066680 -0.023840
1000 0.922938 -0.276200 -0.268140
2500 -0.554956 0.790756 0.258319
2500 -0.417507 0.689261 0.592121
1000 -0.324946 -0.234100 -0.916301
2500 0.954334 -0.151020 0.257760
0 -0.000000 -0.000000 0.000000
2500 0.100217 -0.534147 0.839431
1000 -0.460832 -0.790107 0.404184
2500 0.554606 -0.470955 -0.686013
2500 -0.054041 0.976970 -0.206418
1000 0.108213 -0.404956 -0.907910
2500 0.676584 0.692556 -0.250199
2500 -0.716418 -0.066900 -0.694456
1000 0.344437 0.840738 0.417759
2500 -0.950489 -0.124340 -0.284799
2500 -0.839148 -0.530441 0.120260
1000 0.202078 -0.296442 0.933427
2500 -0.313513 0.939031 -0.141179
2500 -0.023966 -0.726368 0.686888
1000 0.284732 0.114161 -0.951785
2500 -0.544034 0.784900 -0.296580
