One row per scan, one column per slice. b0s set to zero
0 0 0 0 0 0 0 0 0 0 0 0 0 0 0 0 0 0 0 0 0 0 0 0 0 0 0 0 0 0 0 0 0 0 0 0 0 0 0 0 0 0 0 0 0 0 0 0 0 0 0 0 0 0 0 0 
0 0 0 0 0 0 0 0 0 0 0 0 0 0 0 0 0 0 0 0 0 0 0 0 0 0 0 0 0 0 0 0 0 0 0 0 0 0 0 0 0 0 0 0 0 0 0 0 0 0 0 0 0 0 0 0 
0 0 -0.45001 -0.441794 -0.502804 -0.465423 -0.528732 -0.595021 -0.533066 -0.623555 -0.625176 -0.647868 -0.676174 -0.698882 -0.759561 -0.730849 -0.767158 -0.778081 -0.563252 -0.462104 -0.699857 -0.725636 -0.534639 -0.66887 -0.688678 -0.643831 -0.60538 -0.590343 0.386476 -0.689469 -0.567566 -0.762847 -0.639683 -0.612951 -0.680962 -0.272361 -0.302371 -0.604499 -0.492969 -0.622845 -0.639046 -0.342894 -0.636195 -0.412671 -0.336765 -0.307939 -0.0766937 5.69688 1.93312 -0.104701 -0.13351 -0.4457 -0.221808 -0.288085 -0.22414 0 
0 -0.370949 -0.501411 -0.582764 -0.569748 -0.527735 -0.435462 -0.629259 -0.518079 -0.671463 -0.732272 -0.575659 -0.598054 -0.557453 -0.492405 -0.460988 -0.301374 -0.51919 -0.535409 0.233643 -0.603663 -0.514068 -0.630271 -0.743896 -0.541195 -0.758314 -0.455826 -0.582514 -0.163482 -0.831712 -0.550884 -0.808413 -0.754533 -0.695217 -0.804898 -0.146269 0.108325 -0.801872 -0.772301 -0.73854 -0.828259 -0.680899 -0.698339 -0.462379 -0.319352 -0.20962 -0.272463 3.6754 0.794268 -0.317657 -0.195958 -0.16512 0.157914 -0.0652974 0 0 
0 -0.229897 -0.496381 -0.424197 -0.303261 -0.401762 -0.412237 -0.497315 -0.526756 -0.624729 -0.67991 -0.70157 -0.722759 -0.633159 -0.641783 -0.515224 -0.522402 -0.319842 -0.381699 -0.323556 -0.277551 -0.505034 -0.118635 -0.428676 -0.412629 -0.504515 -0.569525 -0.569274 -0.0893404 -0.6103 -0.387542 -0.584782 -0.146345 -0.127343 -0.32452 -0.252584 -0.299408 -0.647406 -0.492222 -0.75897 -0.677464 -0.467112 -0.687317 -0.623053 -0.588115 -0.203031 -0.332397 3.8287 0.470134 -0.316689 -0.485775 -0.445082 -0.414354 -0.372272 0 0 
0 -0.333032 -0.436084 -0.447333 -0.393931 -0.423399 -0.408147 -0.450136 -0.454816 -0.56443 -0.648512 -0.684908 -0.631754 -0.645151 -0.623213 -0.506287 -0.579102 -0.48619 -0.44011 -0.13873 -0.360879 -0.549964 -0.257865 -0.588732 -0.37756 -0.484502 -0.549562 -0.283202 0.40309 -0.47897 -0.397204 -0.628855 -0.340095 -0.375164 -0.580806 0.188785 0.068683 -0.522486 -0.389607 -0.60304 -0.504567 -0.277305 -0.526939 -0.281674 -0.409234 -0.187007 0.165446 5.03187 1.33095 -0.260752 -0.263936 -0.443225 -0.35494 -0.16664 0 0 
0 -0.15409 -0.484234 -0.553469 -0.610234 -0.405453 -0.588383 -0.558546 -0.611777 -0.55088 -0.662984 -0.432084 -0.543432 -0.144466 -0.381826 -0.229656 -0.424691 -0.696679 -0.477006 -0.176311 -0.561567 -0.69756 -0.210828 -0.751504 -0.556044 -0.75529 -0.419643 -0.39692 0.109984 -0.741159 -0.405957 -0.893304 -0.890782 -0.728485 -0.798589 0.00160007 -0.28954 -0.673876 -0.641811 -0.462196 -0.575374 -0.457139 -0.395658 -0.421235 -0.200278 -0.482873 -0.157756 3.11366 1.01678 -0.195327 -0.116392 -0.231472 0.171238 0.565126 0 0 
0 -0.227523 -0.368092 -0.472172 -0.453714 -0.495549 -0.494501 -0.472616 -0.491946 -0.48121 -0.606795 -0.541975 -0.595368 -0.556168 -0.692152 -0.562864 -0.655932 -0.653172 -0.670574 -0.404116 -0.596336 -0.639664 -0.37129 -0.540384 -0.344335 -0.642136 -0.398519 -0.429578 0.03458 -0.793438 -0.393537 -0.796269 -0.607212 -0.724673 -0.684557 -0.252374 -0.178897 -0.253822 -0.42323 -0.481909 -0.475999 -0.228598 -0.485554 0.092728 -0.322153 0.196199 -0.00185349 5.97627 1.16045 -0.1883 -0.213815 -0.248577 0.468356 -0.192173 0 0 
0 -0.154501 -0.402631 -0.350093 -0.462422 -0.427172 -0.407675 -0.434988 -0.500834 -0.55056 -0.669039 -0.56778 -0.631126 -0.607208 -0.622684 -0.563135 -0.364174 -0.656033 -0.214125 0.0420791 -0.557523 -0.582891 -0.452148 -0.594856 -0.424493 -0.565177 -0.360397 -0.521975 0.0755889 -0.710526 -0.450349 -0.537583 -0.509844 -0.613135 -0.529738 -0.436148 -0.331984 -0.581217 -0.392405 -0.56615 -0.629611 -0.412397 -0.378746 -0.293683 -0.193408 -0.0516645 0.0480304 5.29433 1.25374 -0.0381346 -0.325293 -0.35561 -0.171941 -0.0910355 0 0 
0 -0.295775 -0.199423 -0.211785 0.13521 -0.477533 -0.181333 -0.417984 -0.322985 -0.529571 -0.295477 -0.628003 -0.52465 -0.235382 0.225541 2.36588 0.0641264 2.0759 0.167382 6.16883 -0.0661613 0.628022 0.108682 0.0694639 -0.508944 -0.453297 -0.394235 -0.067924 0.494449 -0.114629 1.59718 0.502128 6.07413 -0.583718 1.50753 -0.0808128 0.785366 -0.496908 -0.220368 -0.220102 -0.496953 0.204392 -0.134005 3.34204 0.288776 3.13743 1.05633 5.80797 0.95971 1.00267 0.098536 0.407827 0.191512 0.310864 0 0 
0 0 -0.381266 -0.419964 -0.358892 -0.363484 -0.384243 -0.413733 -0.468638 -0.541682 -0.676325 -0.581272 -0.656789 0.0363271 -0.539964 -0.656693 -0.694708 -0.640033 -0.486857 -0.441257 -0.620752 -0.650396 -0.413574 -0.565953 -0.429078 -0.631519 0.421498 -0.392099 1.23117 -0.533729 -0.158752 -0.674872 -0.270911 -0.65653 -0.63772 -0.650844 0.301545 -0.666508 -0.422593 -0.504312 -0.60562 1.21665 -0.21502 -0.439983 -0.518962 -0.0661703 -0.087217 4.63344 0.930254 -0.218712 -0.343102 -0.346302 -0.406744 -0.235444 -0.0665363 0 
0 0 -0.430939 -0.405 -0.484698 -0.388235 -0.356998 -0.364672 -0.480664 -0.46688 -0.643637 -0.533846 -0.572581 -0.474344 -0.693062 -0.566245 -0.553331 -0.544676 -0.433116 -0.12332 -0.0602597 -0.569521 -0.238138 -0.587631 -0.402535 -0.501135 -0.587622 -0.417161 0.171189 -0.633709 -0.497024 -0.76246 -0.528507 -0.690657 -0.697333 -0.558962 -0.235163 -0.568409 -0.476996 -0.702292 -0.651919 -0.359354 -0.503196 -0.278311 -0.29097 0.117281 -0.0444 6.63183 1.58019 -0.216803 -0.280847 -0.342191 -0.282359 -0.247739 -0.20279 0 
0 0 -0.355366 -0.488099 -0.508015 -0.413537 -0.519493 -0.552838 -0.551468 -0.584163 -0.650068 -0.653371 -0.615113 -0.472899 -0.583618 -0.273709 -0.376867 -0.419657 -0.162554 -0.456076 -0.372173 -0.643025 -0.535016 -0.675253 -0.456754 -0.526935 -0.458883 -0.12649 0.14046 -0.779272 -0.465101 -0.725492 -0.637889 -0.677264 -0.709442 -0.669116 -0.509428 -0.669403 -0.477959 -0.558098 -0.546904 -0.309357 -0.63086 -0.294403 -0.138067 0.0950267 -0.0734009 2.52312 0.657983 -0.243298 -0.236809 -0.170328 -0.0885539 0.0732526 -0.00860303 0 
0 0 -0.39597 -0.48816 -0.46379 -0.484911 -0.424797 -0.504109 -0.461358 -0.474276 -0.642568 -0.586846 -0.562985 -0.432798 -0.570008 -0.499244 -0.521304 -0.535046 -0.430317 0.0624377 -0.418623 -0.25523 -0.182436 -0.476844 -0.275553 -0.473881 -0.417828 -0.202993 0.502527 -0.53746 -0.502021 -0.762862 -0.663922 -0.649518 -0.623984 -0.441762 0.0352645 -0.52249 -0.589339 -0.647957 -0.635049 -0.341046 -0.461584 -0.37992 -0.327083 -0.180006 0.0642975 4.87552 1.1846 0.0391422 -0.216337 -0.306069 -0.0947127 -0.259204 -0.241367 0 
0 -0.182838 -0.336093 -0.289201 -0.406747 -0.387978 -0.368399 -0.261267 -0.404735 -0.428723 -0.421873 -0.552987 -0.447072 -0.215192 -0.323164 -0.153949 -0.303523 -0.238794 0.0227213 0.115177 0.318876 0.0953663 0.225698 0.199068 -0.0788734 0.165283 -0.204012 0.170601 1.00309 -0.245589 -0.00403515 -0.337415 -0.19533 -0.304401 -0.373526 0.115906 0.352761 -0.283915 0.752189 -0.380928 -0.0170036 7.52019 -0.33268 -0.42689 -0.353804 -0.0715882 0.199934 5.96008 1.70045 -0.0919283 -0.240025 0.0189056 -0.292959 0.0139069 0 0 
3.77018 0 -0.508864 -0.497742 -0.54527 -0.532836 -0.494798 -0.525163 -0.47454 -0.477204 -0.669907 -0.479307 -0.656811 -0.00569247 -0.237073 -0.301323 -0.0897354 -0.266025 -0.341106 -0.0121657 -0.119723 -0.332869 -0.207143 -0.493139 -0.267143 -0.550205 -0.0502092 0.0174364 4.33622 -0.343051 -0.324681 -0.547389 -0.630134 -0.633073 -0.705979 0.809709 -0.305838 -0.528653 -0.233693 0.301622 -0.419767 -0.116369 -0.044308 -0.226138 0.667354 -0.0338005 0.00852448 6.94468 2.84524 -0.0543738 0.0987929 -0.123591 0.265063 -0.0915927 0.695625 0 
0 0 -0.427728 -0.433704 -0.423405 -0.424445 -0.366237 -0.436534 -0.43977 -0.479899 -0.641469 -0.523148 -0.511858 -0.437238 -0.557242 -0.392409 -0.41228 -0.449563 -0.355961 -0.105684 -0.116042 -0.235194 -0.141348 -0.232778 -0.140669 -0.415332 -0.335529 -0.252861 0.316259 -0.523115 -0.42366 -0.592781 -0.48489 -0.627296 -0.689339 -0.364736 -0.199892 -0.551039 -0.628036 -0.500326 -0.65801 -0.397786 -0.374774 -0.488652 -0.0258146 -0.0609435 -0.0248087 5.46027 1.16101 -0.105715 -0.194108 -0.323652 -0.236217 -0.189731 -0.225162 0 
0 0 0 0 0 0 0 0 0 0 0 0 0 0 0 0 0 0 0 0 0 0 0 0 0 0 0 0 0 0 0 0 0 0 0 0 0 0 0 0 0 0 0 0 0 0 0 0 0 0 0 0 0 0 0 0 
0 0 -0.378918 -0.430882 -0.361809 -0.294013 -0.410475 -0.371885 -0.452499 -0.498802 -0.640431 -0.549868 -0.593093 -0.389642 -0.648861 -0.52408 -0.591833 -0.337717 -0.45493 0.421259 -0.291287 -0.420421 -0.436218 -0.433121 -0.378954 -0.0886718 -0.297809 -0.376674 0.656132 -0.630037 -0.464637 -0.731559 -0.52848 -0.47202 -0.686272 -0.478959 -0.166493 -0.562044 -0.0705297 -0.507804 -0.454864 0.0283116 -0.434233 -0.418818 -0.395907 0.224254 -0.0242244 4.68123 0.974861 -0.304526 -0.292595 -0.3494 -0.213824 -0.205328 -0.10521 0 
0 -0.184324 -0.508497 -0.530182 -0.5941 -0.555922 -0.554976 -0.48707 -0.58059 -0.50766 -0.48867 -0.692977 -0.37799 -0.227477 -0.150164 -0.295387 -0.200221 -0.379514 -0.150764 0.0682464 -0.2788 -0.461871 -0.305836 -0.682276 -0.491608 -0.595878 -0.511076 -0.454969 0.415756 -0.76625 -0.247499 -0.819565 -0.704192 -0.657185 -0.68606 -0.0474294 -0.489716 -0.415623 -0.143364 -0.701288 -0.561806 -0.110674 -0.429329 -0.281528 -0.282756 -0.305114 -0.0736643 4.63315 0.837563 -0.277635 0.00215235 -0.311477 0.116855 0.262806 0 0 
0 0 -0.342831 -0.44302 -0.481285 -0.527866 -0.504459 -0.474533 -0.437234 -0.476217 -0.63802 -0.620003 -0.620778 -0.530885 -0.598477 -0.488263 -0.547141 -0.303386 -0.411328 0.0845928 -0.468183 -0.571797 -0.42611 -0.490775 -0.562847 -0.526512 -0.537139 -0.330548 0.540136 -0.470335 -0.395709 -0.805354 -0.503777 -0.620297 -0.521756 -0.38292 0.0847699 -0.505561 -0.236747 -0.548419 -0.460424 -0.29784 -0.260446 -0.120245 -0.167465 0.156328 0.169151 7.13638 1.37733 -0.182936 -0.318639 -0.195624 -0.095364 -0.363323 -0.204478 0 
0 0 -0.307995 -0.380837 -0.369065 -0.372386 -0.372419 -0.354247 -0.285434 -0.379694 -0.539466 -0.269449 -0.524486 -0.291066 -0.471918 -0.0707988 -0.154566 -0.237133 -0.099572 0.529871 -0.0717412 -0.0901806 -0.0198059 -0.00502631 -0.120974 -0.227235 -0.307963 -0.166752 0.648229 -0.43065 -0.318162 -0.658417 -0.384441 -0.446236 -0.410494 0.11953 0.867979 -0.38113 -0.299173 -0.369635 -0.378153 -0.0167272 -0.324029 0.0755969 -0.113765 0.146584 0.156297 5.77941 1.2271 0.0623392 -0.227526 -0.222241 -0.325022 -0.206643 -0.049257 0 
0 0 -0.482616 -0.485191 -0.518759 -0.479021 -0.548067 -0.548804 -0.64408 -0.666525 -0.615751 -0.653402 -0.350642 -0.423291 -0.275687 -0.213274 -0.42324 -0.376624 -0.187445 0.0264874 -0.442063 -0.469509 -0.340876 -0.591664 -0.48871 -0.504262 -0.549082 -0.351125 0.258536 -0.668289 -0.458429 -0.790675 -0.622163 -0.642137 -0.847175 -0.623883 -0.318693 -0.696888 -0.241957 -0.6463 -0.452259 -0.235698 -0.401351 -0.388779 -0.400371 -0.0410656 0.0397231 2.96775 0.70098 -0.337848 -0.106999 0.0900141 -0.129945 0.0310301 0.195513 0 
0 0 -0.412123 -0.392773 -0.389898 -0.405857 -0.354781 -0.503359 -0.39589 -0.474526 -0.4744 -0.371047 -0.588525 -0.323165 -0.396463 0.230944 -0.267304 -0.162567 -0.258809 0.0236578 -0.0837275 -0.200339 -0.07551 -0.143177 0.0213464 0.0721132 -0.224034 0.275827 0.512851 -0.319506 -0.179147 -0.47077 -0.11795 -0.398205 -0.342851 -0.194112 0.179224 -0.19353 0.0585483 -0.148257 -0.306604 -0.160074 -0.400981 0.0459714 -0.216583 -0.0339648 0.0887544 5.44934 1.10531 0.0740245 -0.374252 -0.248693 -0.236649 -0.267936 -0.20214 0 
0 0 -0.353578 -0.373573 -0.374053 -0.418849 -0.365647 -0.519105 -0.400179 -0.549135 -0.661662 -0.638263 -0.580377 -0.532218 -0.757081 -0.405022 -0.557745 -0.500142 -0.612087 0.0770414 -0.398346 -0.468083 -0.288495 -0.64774 -0.44745 -0.559041 -0.568332 -0.282371 0.491785 -0.665609 -0.428704 -0.772732 -0.613859 -0.625943 -0.552917 -0.460996 -0.0166886 -0.514727 -0.507891 -0.586175 -0.547529 -0.321047 -0.459377 -0.141171 -0.281921 0.0992113 0.0788221 4.98851 1.40581 -0.120465 -0.262366 -0.322975 -0.227445 -0.299153 -0.233921 0 
0 -0.0709513 -0.324769 -0.51469 -0.373825 -0.430568 -0.106924 -0.583966 -0.143696 -0.621678 -0.250517 -0.653997 -0.471753 -0.337556 -0.53831 -0.31886 -0.4267 -0.224422 -0.318097 0.0896095 -0.581345 0.792519 -0.368684 -0.0886663 -0.548728 -0.529444 -0.679729 -0.364972 0.564463 -0.610823 -0.194503 -0.733334 0.0759474 -0.604974 -0.203037 -0.153073 0.250851 -0.48663 0.161181 -0.49049 -0.248245 -0.309458 -0.41367 -0.135249 -0.223256 0.168376 0.0892929 5.02047 0.824184 0.376802 -0.172181 0.272161 -0.096893 0.0917478 0.0876561 0 
0 -0.345485 -0.414796 -0.403002 -0.426873 -0.40601 -0.47255 -0.418766 -0.408891 -0.450748 -0.595984 -0.594528 -0.592309 -0.575224 -0.663651 -0.313301 -0.44778 -0.349911 -0.557134 -0.262351 -0.442523 -0.289042 -0.321642 -0.471623 -0.358825 -0.431982 -0.441919 -0.216829 0.584372 -0.504998 -0.219254 -0.508541 -0.422061 -0.475392 -0.337688 -0.354261 0.288223 -0.288567 -0.187238 -0.432144 -0.386139 -0.154627 -0.383073 -0.23715 -0.202684 0.395627 0.259593 6.82528 1.37664 0.033605 -0.266903 -0.291767 -0.235869 -0.213829 0 0 
0 0.0500137 -0.347391 -0.325255 -0.295082 -0.439735 -0.335467 -0.452588 -0.415371 -0.432246 -0.576106 -0.419656 -0.502015 0.157536 -0.392033 0.0949767 0.0672133 0.254939 -0.267013 0.245643 -0.0999404 -0.152088 0.0378441 -0.20232 -0.134331 -0.493643 -0.0624867 -0.386602 0.635695 -0.225579 0.00166995 -0.437071 -0.0914818 -0.420666 -0.299743 -0.306055 0.385511 -0.259209 -0.227901 -0.179902 -0.245126 0.696006 0.0343926 0.0857667 0.146804 0.575479 0.493718 7.15699 1.43142 0.306227 -0.170021 0.130543 -0.102298 0.119267 -0.0624867 0 
0 -0.276298 -0.561384 -0.530851 -0.571011 -0.515779 -0.584821 -0.586694 -0.637981 -0.633609 -0.672802 -0.640339 -0.449689 -0.318864 -0.364886 -0.0964892 -0.188993 -0.49097 0.140354 0.24551 -0.0833503 -0.4178 -0.25512 -0.566401 -0.427735 -0.620452 -0.640936 -0.235969 -0.00618972 0.0455779 -0.147521 -0.705973 -0.735453 -0.577887 -0.647392 -0.127328 -0.122977 -0.53027 -0.545289 -0.673221 -0.595401 0.0293584 -0.164448 0.0854198 -0.0514331 -0.120309 0.809782 4.20057 0.932047 -0.013861 -0.168248 -0.0282801 0.00561564 0.197873 0 0 
0 -0.354224 -0.44097 -0.408094 -0.397794 -0.422803 -0.343531 -0.441893 -0.363213 -0.429241 -0.451692 -0.360485 -0.481032 -0.135805 -0.349591 -0.406993 -0.411807 -0.263682 0.0254591 0.161691 -0.0677609 -0.269653 0.105438 -0.00256628 -0.193733 -0.0791565 -0.230936 -0.110853 0.784014 -0.445923 -0.0862592 -0.409518 -0.214967 -0.21355 -0.336851 -0.222443 0.289748 -0.28004 0.143174 -0.167293 -0.162985 0.139044 5.54891 -0.259944 -0.0855969 -0.0172257 0.250476 5.91136 1.27499 -0.065098 -0.206303 -0.193426 -0.187365 0.0765246 0 0 
0 -0.164169 -0.321168 -0.44889 -0.458738 -0.452992 -0.418465 -0.388079 -0.506911 -0.443283 -0.511103 -0.545796 -0.590266 -0.483556 -0.626758 -0.432488 -0.454121 -0.5427 -0.345859 -0.207912 -0.297428 -0.457606 -0.145301 -0.399891 -0.283653 -0.335083 -0.348134 -0.27387 0.353275 -0.551716 -0.287016 -0.439997 -0.391416 -0.277212 -0.453915 -0.00916974 0.033643 -0.239394 -0.156922 -0.059047 -0.152541 0.32411 -0.277752 0.191151 0.076342 0.678717 0.871033 7.22751 1.80416 0.161638 0.121918 -0.138653 0.0410848 -0.196801 -0.135065 0 
0 0.0231306 -0.430041 -0.413014 -0.505577 -0.457917 -0.463916 -0.554941 -0.640004 -0.619235 -0.669746 -0.682326 -0.511809 -0.52178 -0.501017 -0.519338 -0.617861 -0.390376 -0.244861 0.220761 -0.463313 -0.37699 -0.693683 -0.686039 -0.753933 -0.609685 -0.624552 -0.457339 -0.116691 -0.617945 -0.439971 -0.573503 -0.548865 -0.695222 -0.705439 -0.492672 0.306035 -0.721587 -0.309088 -0.467167 -0.423733 -0.271495 -0.453317 -0.273007 -0.104009 0.460075 0.00902431 4.26733 1.17557 -0.0342993 -0.00958775 -0.0232511 0.0459002 0.631004 0.0863826 0 
0 -0.138413 -0.0136632 -0.404337 0.00140568 -0.421769 -0.100985 -0.356281 -0.0423647 -0.458725 -0.106175 -0.559162 -0.0177862 -0.435812 -0.301221 0.484827 -0.485942 0.487644 -0.487178 0.650392 -0.38762 0.0390003 -0.332575 0.171743 -0.388877 0.538538 -0.517224 0.32563 0.536068 -0.0351261 0.853463 -0.429431 1.07531 -0.185473 0.712322 0.313313 1.05937 -0.0305877 1.06566 -0.16847 1.7905 0.0340147 0.353452 1.64445 0.306417 2.08811 1.19865 7.1288 1.86235 1.17196 0.252957 0.867071 0.324221 0.571657 -0.150464 0 
0 0 0 0 0 0 0 0 0 0 0 0 0 0 0 0 0 0 0 0 0 0 0 0 0 0 0 0 0 0 0 0 0 0 0 0 0 0 0 0 0 0 0 0 0 0 0 0 0 0 0 0 0 0 0 0 
0 -0.29402 -0.408485 -0.374882 -0.451625 -0.398852 -0.39019 -0.325157 -0.482319 -0.418733 -0.142551 -0.496133 -0.441 -0.190808 -0.412392 -0.115682 -0.287535 -0.323628 0.141022 0.203415 -0.0986026 -0.285573 -0.170153 -0.392388 -0.29761 -0.0361985 -0.422552 -0.075814 0.613523 -0.199497 -0.175064 -0.131179 -0.433149 -0.344267 -0.410656 -0.0121403 0.317906 -0.166772 0.128028 -0.21932 -0.0423194 0.0742981 -0.149336 -0.00304071 -0.0723256 0.0936851 0.218971 6.64917 1.33308 0.280384 -0.164719 -0.21294 -0.130107 0.0457443 0 0 
0 -0.407044 -0.419754 -0.488128 -0.476934 -0.461732 -0.478602 -0.603912 -0.556071 -0.56227 -0.598781 -0.627466 -0.502705 -0.284244 -0.463711 -0.255194 -0.474709 -0.389296 -0.427419 0.576838 -0.171056 -0.363265 -0.310131 -0.51877 -0.277919 -0.454088 -0.477053 -0.430128 0.177137 -0.628531 -0.42103 -0.819492 -0.392509 -0.564812 -0.506046 -0.524651 0.109748 -0.38141 -0.309705 -0.496554 -0.273923 -0.189503 -0.503223 -0.328399 -0.282854 -0.0969768 -0.080694 3.23452 1.42866 0.133943 -0.0377564 -0.00648048 0.0755008 0.24844 0 0 
0 0 -0.318718 -0.404269 -0.341839 -0.300049 -0.311203 -0.369486 -0.248625 -0.315191 -0.495692 -0.398332 -0.358062 -0.115727 -0.517325 -0.119863 -0.0297106 0.00107628 -0.11688 0.32081 -0.0825745 -0.0561193 0.0847429 -0.230256 0.129714 -0.253072 -0.182438 -0.199998 0.766668 -0.343618 -0.0259686 -0.339698 -0.082812 -0.36622 -0.0898768 0.265515 -0.0456181 -0.141506 -0.275142 -0.0084469 -0.412491 0.15519 -0.252639 0.711391 0.14876 1.29513 0.485436 8.38559 1.72793 0.390537 0.0922698 0.0960469 -0.0129358 -0.0688688 -0.17982 0 
0 -0.147637 -0.370623 -0.413853 -0.41155 -0.489118 -0.457441 -0.475984 -0.479412 -0.457685 -0.606461 -0.507876 -0.47636 -0.342569 -0.47013 -0.341657 -0.27668 -0.334033 -0.208248 -0.116787 -0.0534159 -0.531396 -0.139062 -0.42695 -0.343415 -0.347349 -0.32756 -0.291404 0.854358 -0.412441 -0.30519 -0.464134 -0.53159 -0.495735 -0.507756 -0.187942 0.493105 -0.30946 -0.157925 -0.171526 -0.18968 0.305674 -0.252212 -0.161042 0.33274 0.603364 0.180419 6.57581 1.7484 -0.0512885 -0.0883412 -0.160496 -0.245057 -0.0687945 0 0 
0 4.76055 -0.437082 14.7484 -0.472201 -0.422921 -0.438897 -0.464397 -0.616988 -0.466227 -0.640958 -0.303298 -0.137949 -0.105837 1.24066 -0.141778 5.34132 0.248839 0.826027 0.0776567 0.763193 -0.289998 0.449196 -0.441585 0.0527227 -0.261947 0.0885252 1.43605 0.721807 5.58609 0.286106 17.1737 -0.09269 0.0491213 -0.403079 1.32231 -0.0238302 0.227628 -0.224051 0.279155 0.214089 0.300755 3.31815 0.243781 9.94825 0.934577 0.745295 5.17617 2.74455 0.100075 1.16733 0.0107438 0.781785 0.531735 0.244492 0 
0 0.769616 0.241422 -0.2537 -0.114398 -0.404429 -0.260772 -0.454338 -0.200839 -0.45127 -0.27066 -0.556554 -0.177148 -0.329429 0.0937769 0.39233 10.9444 -0.0210601 -0.0977866 0.145363 -0.37048 -0.306822 -0.205477 -0.18137 -0.309806 -0.0168899 -0.341739 0.468609 0.672803 0.769616 0.628917 -0.162434 0.0363731 -0.294865 -0.0911048 0.101627 0.441868 -0.0276569 0.295254 -0.208193 0.214386 0.328307 0.579474 0.516283 10.9444 0.995015 1.03556 6.65628 1.83163 0.219564 -0.0181096 0.191486 -0.158332 0.230223 -0.209184 0 
0 0 -0.203745 -0.283326 -0.34766 -0.31102 -0.231002 -0.168139 -0.155596 -0.275578 -0.288804 -0.0869191 -0.257671 -0.0646082 -0.207952 0.14518 -0.0145299 -0.0963729 0.21623 0.659745 0.230586 0.0935769 0.223496 0.108091 0.194193 0.261055 0.052961 0.0780899 0.919566 -0.201288 -0.00645061 -0.168441 -0.195123 -0.173223 -0.0772 0.115902 0.559455 0.0508576 0.301288 -0.101865 -0.220164 0.0361547 -0.0582924 0.0763704 -0.0281881 0.136236 0.431177 6.50021 1.29746 -0.0370502 0.0353074 -0.0545983 0.0484194 -0.192368 -0.228177 0 
0 0 -0.399475 -0.49784 -0.478106 -0.465108 -0.371003 -0.444355 -0.289674 -0.372585 -0.308887 -0.408048 -0.0839872 -0.0310959 -0.0580257 0.058968 -0.11795 0.156792 0.553784 0.703674 0.515374 -0.0407004 -0.0738465 -0.226282 -0.298705 -0.0248798 -0.279331 0.136214 0.223951 -0.271843 -0.181766 -0.465019 -0.423172 -0.173665 -0.222604 0.286453 0.562659 -0.369002 -0.244705 -0.382794 -0.353225 0.133073 -0.218975 0.0687812 -0.0352621 0.387458 0.447959 5.21076 2.9643 0.61483 0.550434 0.314502 0.43949 0.353789 0.508235 0 
0 0 -0.252068 -0.363141 -0.212383 -0.367638 -0.332664 -0.286855 -0.328378 -0.264215 -0.473344 -0.429412 -0.375815 -0.31707 -0.285384 -0.114387 -0.178835 -0.14844 0.00877489 0.535614 0.170615 -0.0325025 0.350301 0.243964 -0.0155217 -0.104753 -0.0866739 0.0245736 0.731289 -0.12064 -0.0342572 -0.399743 -0.115869 -0.306894 -0.226002 0.0751117 0.763537 -0.0111877 0.087173 -0.182572 -0.210931 0.160941 0.083643 0.168977 0.0723191 0.522728 0.612236 7.31587 2.14936 0.230393 0.0280713 0.00982783 -0.030846 -0.192866 -0.122725 0 
0 0 -0.264263 -0.130272 -0.249186 -0.0232038 -0.160101 -0.071209 -0.195807 -0.265211 -0.402671 -0.283336 -0.326541 -0.258848 -0.332253 -0.0686008 0.176676 0.0418251 0.177267 0.283064 0.040536 0.0189028 0.18096 0.0829612 0.0767787 -0.114714 0.172934 0.0416363 0.814655 -0.173226 0.112717 -0.237898 -0.153782 -0.278007 -0.258947 0.0584215 0.875102 -0.219717 0.0211341 -0.185099 -0.281832 0.407888 -1.25641e-05 0.0664412 0.263767 0.349284 0.867889 5.77125 1.60111 -0.0623914 -0.092594 -0.157682 -0.0591095 -0.202963 -0.072404 0 
0 0 -0.470917 -0.515046 -0.537998 7.07711 -0.504335 -0.496186 -0.478024 -0.468113 -0.600906 -0.439139 -0.364784 -0.0835874 -0.134131 -0.338879 -0.386391 -0.164862 0.875785 0.601035 -0.0597231 -0.197745 -0.122933 -0.436603 -0.445607 -0.39723 -0.300202 -0.127954 0.661338 -0.593728 -0.287153 -0.708467 -0.601576 8.43421 -0.375478 0.488008 -0.36219 -0.351712 -0.0246784 -0.543393 -0.363752 0.107744 -0.347661 -0.160999 -0.267948 0.0376677 0.904813 3.58183 2.35508 0.516161 0.571353 0.151375 0.382582 0.601544 0.468429 0 
0 0 -0.28782 -0.370914 -0.371422 -0.310394 -0.280072 -0.348974 -0.339425 -0.282117 -0.494786 -0.452856 -0.474491 -0.271695 -0.414512 -0.211885 -0.312176 -0.308361 0.0785343 0.237715 0.0649894 -0.179264 0.144741 -0.0993918 0.0316284 -0.106213 -0.149909 0.0746709 1.10862 -0.318903 0.248322 -0.440178 -0.351355 -0.224122 -0.258233 0.602282 0.424271 -0.0664789 -0.0867053 -0.178133 -0.0146959 0.325363 -0.120583 0.299877 -0.0468799 0.194296 0.437499 5.78777 1.35753 0.147711 -0.00282512 -0.192112 -0.111199 -0.198339 -0.234999 0 
0 -0.0213614 -0.279977 -0.238415 -0.357472 -0.329241 -0.304079 -0.380144 -0.416532 -0.338244 -0.66265 -0.257516 -0.515545 -0.20737 -0.468265 -0.199501 -0.267583 0.0999129 0.211929 0.164158 -0.165673 -0.180246 0.0871931 -0.289004 0.00113455 -0.369826 -0.199337 0.0174593 0.667757 -0.382252 -0.0516842 -0.157746 -0.217551 -0.254753 -0.323935 -0.102983 0.200991 -0.108634 -0.15181 0.180011 -0.339865 0.410187 -0.214599 0.158498 0.248678 0.529252 1.01796 7.8185 1.61116 0.255757 -0.0194891 0.126698 0.482848 0.00449373 0 0 
0 -0.104538 -0.440947 -0.483271 -0.482714 -0.451978 -0.321681 -0.454791 -0.228088 -0.303609 0.385483 -0.137936 0.986317 0.317835 1.21244 0.237164 0.664236 1.30547 1.17196 1.63428 0.892632 2.53589 0.808628 24.0427 0.673943 2.74585 0.26838 1.90476 1.02661 0.865024 0.704672 0.0773726 1.26101 0.933498 1.66806 0.671926 2.0998 0.459539 1.25491 0.128757 1.71969 0.303135 2.58604 0.0957217 0.737368 0.906447 1.03096 5.91514 2.19316 1.76345 0.316 24.0427 0.369061 0.741635 0 0 
0 -0.209427 -0.341435 -0.365539 -0.388707 -0.276096 -0.317283 -0.36545 -0.37715 -0.287483 -0.299514 -0.399771 -0.479211 -0.123185 -0.342902 0.495441 -0.246741 -0.01943 -0.17158 0.229167 -0.104645 0.141917 0.354729 -0.0779386 -0.019699 -0.233963 -0.241629 -0.0574696 0.597607 -0.382084 0.109717 -0.442436 -0.290094 -0.0975308 -0.170572 0.0495603 0.212589 -0.152117 -0.0176977 -0.0230355 -0.339585 0.0538501 -0.128771 0.0733187 -0.0274337 -0.0357763 0.383348 6.16916 1.34199 0.109494 -0.100524 -0.157118 -0.149038 -0.066168 0 0 
0 0 0 0 0 0 0 0 0 0 0 0 0 0 0 0 0 0 0 0 0 0 0 0 0 0 0 0 0 0 0 0 0 0 0 0 0 0 0 0 0 0 0 0 0 0 0 0 0 0 0 0 0 0 0 0 
0 -0.286281 -0.419185 -0.406091 -0.474277 -0.393079 -0.495647 -0.481855 -0.541727 -0.508314 -0.631268 -0.592101 -0.504784 -0.374543 -0.45253 -0.32571 -0.174983 -0.429477 -0.0368055 -0.130464 0.0207398 -0.311733 -0.115107 -0.363761 0.00377358 -0.300051 -0.0652322 -0.282496 0.758003 -0.290205 -0.0126594 -0.199825 -0.28922 0.107193 -0.249939 0.204894 0.487763 0.0360648 0.175064 -0.210039 -0.130857 0.665918 -0.23108 0.173033 0.195487 0.335346 0.590446 7.7161 1.90545 0.282133 -0.0475953 -0.148756 -0.0843114 -0.195688 0 0 
0 -0.325129 -0.492454 -0.506548 -0.52303 -0.533508 -0.573129 -0.586274 -0.536736 -0.52966 -0.408941 -0.447744 -0.414296 0.16076 -0.288935 -0.365213 -0.244551 -0.45075 -0.23431 -0.296566 0.0509656 -0.439601 -0.234166 -0.364976 -0.389404 -0.35244 -0.267343 -0.369973 0.225246 -0.584699 -0.481939 -0.680891 -0.676634 -0.526622 -0.740501 -0.532805 0.79727 -0.396818 -0.189963 -0.302809 -0.230765 -0.126046 -0.47809 -0.256031 0.0936021 -0.107686 -0.0279558 3.34854 1.25869 -0.19244 0.0796431 0.0392982 0.236359 0.43338 0 0 
0 -0.208887 -0.386849 -0.382673 -0.352111 -0.293132 -0.299188 -0.307803 -0.386945 -0.341357 -0.514197 -0.453193 -0.48746 -0.272541 -0.423262 -0.114133 -0.101222 -0.181144 -0.158832 1.37179 0.090758 0.0245993 0.285228 -0.127067 0.0367341 -0.346889 -0.0243646 -0.279148 0.328666 -0.479842 -0.10746 -0.455531 -0.135652 -0.266912 -0.271007 -0.231924 0.704535 -0.153679 -0.0171117 -0.109716 -0.324058 -0.153557 -0.237443 0.166183 -0.0467194 0.388248 0.353403 5.96562 1.26545 -0.0111861 -0.222628 -0.17598 -0.0558819 -0.266091 0 0 
0 232.592 -0.121015 41.5904 -0.0241028 64.1314 -0.164733 -0.188281 -0.505636 -0.34853 -0.607712 -0.342438 -0.417561 0.0398546 38.5329 0.320688 272.236 8.26823 55.423 0.703198 53.1345 -0.0370384 0.144997 -0.125058 12.4034 0.0533344 0.382731 0.737044 1.98441 232.592 7.86769 41.5904 10.5581 64.1314 0.703538 0.743931 0.515834 -0.0804206 -0.0795633 0.526901 0.574353 1.05776 38.5329 0.591895 272.236 11.4469 55.423 6.69249 53.1345 0.325589 0.209725 -0.0396926 0.794535 -0.0556535 0.0381224 0 
0 0 -0.395901 -0.430241 -0.479698 -0.436431 -0.498403 -0.389416 -0.435136 -0.153414 -0.566197 0.100338 -0.417293 0.981216 -0.205299 -0.0745141 -0.0443326 -0.428414 0.0930266 -0.0586258 0.327893 -0.422068 0.301661 -0.472879 0.486199 -0.0925011 0.897228 0.183473 0.923233 -0.274778 -0.0263948 -0.112826 -0.610094 -0.0227285 -0.530872 0.141545 -0.318189 0.379029 -0.103074 1.38228 -0.150875 1.35826 0.349039 0.368122 1.01104 0.336416 0.632224 4.1799 1.08511 0.222311 0.436663 0.41446 0.845972 0.767342 1.26771 0 
0 0 -0.368179 -0.294541 -0.318305 -0.35344 -0.270452 -0.359216 -0.343998 -0.469467 -0.37936 -0.460676 -0.505548 -0.330999 -0.561473 -0.250907 -0.374113 -0.205296 -0.338554 0.132173 -0.245898 -0.219404 -0.154053 -0.242387 -0.138226 -0.283802 -0.424683 -0.188916 0.316919 -0.578346 -0.149831 -0.573055 -0.225731 -0.619035 -0.511393 -0.475222 0.0454714 -0.436576 -0.195952 -0.42964 -0.394061 -0.0835155 -0.308921 0.145557 -0.186601 0.403749 0.584973 6.20722 1.3204 -0.0600949 -0.0991077 -0.0887465 -0.242695 -0.13556 -0.0697358 0 
0 0 -0.288011 -0.37817 -0.301341 -0.399837 -0.314268 -0.257585 -0.301044 -0.318279 -0.462753 -0.515995 -0.465215 -0.454382 -0.532969 -0.280778 -0.478364 -0.234343 -0.327401 -0.0464352 -0.109705 -0.201676 -0.0208264 -0.0671344 -0.151393 -0.260856 -0.307466 0.0482686 0.404787 -0.278984 -0.0959998 -0.447866 -0.229486 -0.311509 -0.116652 0.234797 0.14083 -0.140605 -0.0289059 -0.26362 -0.0545466 0.300548 -0.0995755 0.131478 -0.0937297 0.324671 0.633986 7.17786 2.1294 0.405493 0.130422 0.0599924 -0.00732088 0.0423977 -0.133918 0 
0 0 -0.389669 -0.384308 -0.538783 -0.579557 -0.568194 -0.574224 -0.568724 -0.479467 -0.591897 -0.343739 -0.546158 0.0305461 -0.367005 0.150867 0.0430683 -0.0749472 0.129909 -0.162849 -0.133834 -0.443877 -0.283308 -0.338591 -0.314183 -0.531374 -0.32099 0.0324875 0.329919 -0.672495 -0.00331616 -0.467354 -0.588623 -0.660287 -0.730422 0.0256234 0.401274 -0.431882 -0.533991 -0.471353 -0.494902 -0.224298 -0.484681 0.150844 -0.26348 0.496283 0.1522 3.83808 0.724453 0.0747984 -0.0208616 0.275686 0.54993 0.730879 1.11384 0 
0 0 -0.0402723 -0.266105 0.111566 -0.291776 -0.14198 -0.257687 -0.0942269 -0.356656 -0.384143 -0.346729 -0.357264 -0.285202 -0.469728 0.92105 -0.0369999 0.83552 -0.134839 0.50279 -0.245217 0.0524074 0.0691428 0.0115783 0.0409377 0.136685 -0.172416 0.230063 0.803412 -0.287989 0.966023 -0.320139 0.808671 -0.193701 0.0216132 -0.0702272 0.653117 0.28783 0.384026 -0.0982629 0.171729 0.437018 0.0343343 2.81035 0.271383 2.61862 0.556374 7.11955 1.41924 0.374785 0.0761191 0.521639 0.0972728 -0.125423 -0.143684 0 
0 0.443785 -0.266654 -0.364697 -0.41255 -0.351061 -0.316832 -0.242155 -0.362282 -0.13394 -0.433945 -0.138293 -0.194914 0.332708 0.136522 0.493543 1.09837 0.209319 0.376095 0.412043 0.740138 0.101566 0.737764 0.122996 0.722357 0.243712 1.08845 0.431547 2.15087 0.443785 0.445803 0.19884 0.00489729 0.0942808 0.344907 1.00802 1.53643 1.42844 0.718994 1.04275 0.193743 1.40425 0.480474 0.487942 1.09859 0.433163 1.7285 7.31373 1.61304 0.216617 0.540667 0.1557 0.295052 -0.123763 0.005462 0 
0 0 -0.436946 -0.505082 -0.477767 -0.463293 -0.521886 -0.556454 -0.470322 -0.527628 -0.522268 -0.478367 -0.0203953 0.0123543 0.117353 -0.392304 -0.185425 -0.284506 -0.192617 -0.112121 -0.185148 -0.243687 -0.175582 -0.183213 -0.291887 -0.0902525 -0.273085 -0.0384254 0.573115 -0.38324 -0.371793 -0.638937 -0.540458 -0.40154 -0.586638 -0.534127 1.30649 -0.356446 -0.284743 -0.247092 0.0753797 0.15032 -0.26048 -0.0977998 -0.233003 -0.0490674 0.3517 6.04175 0.902636 -0.0865387 0.0781652 0.138721 0.128998 0.21147 0.260163 0 
0 0 -0.288563 -0.38166 -0.262554 -0.340073 -0.208563 -0.307193 -0.353632 -0.229665 -0.457122 -0.33986 -0.454869 -0.239118 -0.498632 -0.311918 -0.421322 -0.178427 -0.221515 0.307093 -0.123246 -0.0087354 0.307062 0.0114001 0.210225 -0.218509 -0.00137897 -0.0805574 0.660153 -0.215691 0.10427 -0.224869 0.0268756 -0.343179 0.100318 -0.195121 0.254315 -0.118995 -0.0271263 -0.0722384 -0.198478 0.517896 -0.123156 -0.0743118 -0.190479 0.0973511 0.509994 5.96977 1.20454 0.073563 -0.0217404 -0.132757 -0.0413583 -0.162775 -0.03043 0 
0 0 -0.251767 -0.294852 -0.0762683 -0.221822 -0.429465 -0.458359 -0.385013 -0.417857 -0.487289 -0.437178 -0.34963 -0.264674 -0.378513 -0.0171931 0.464635 0.0540565 0.261282 0.327828 0.263041 -0.0808579 0.294403 -0.0519225 0.30257 0.166788 0.196857 0.365703 0.972305 -0.0129871 0.246425 -0.122989 -0.00482288 -0.00601763 -0.236026 -0.0390068 0.182968 -0.00418693 0.228942 0.0405798 0.25678 0.493461 0.257503 0.0888763 0.387323 0.792427 1.07839 6.0543 2.15822 0.214971 0.116761 0.0634386 0.279878 0.18637 0.0220699 0 
0 0 -0.470332 -0.43874 -0.421918 -0.42355 -0.460723 -0.489666 -0.463371 -0.489711 -0.551901 -0.497836 -0.514235 -0.249319 -0.255506 -0.372512 -0.0789532 -0.074678 -0.0409351 0.631359 -0.133564 0.227673 -0.0472366 0.101134 -0.205637 -0.0140534 -0.284736 -0.168651 0.314121 -0.253189 -0.0969513 -0.454273 0.100384 0.00585791 0.834672 -0.227448 1.08425 0.083889 0.567992 -0.261228 -0.258845 0.196592 -0.0107729 -0.308801 0.0630356 0.255723 0.560399 4.95111 0.80375 0.451955 -0.00207629 0.315251 0.371921 0.296553 0.216293 0 
0 0 -0.269743 -0.356673 -0.259527 -0.385386 -0.385493 -0.147331 -0.347092 -0.275186 -0.475474 -0.391975 -0.420575 -0.288006 -0.354124 -0.0818905 -0.135966 -0.152374 0.0153573 0.713756 0.0702113 -0.0499075 0.322873 0.0393733 0.204349 0.123198 -0.114254 0.350781 0.898403 -0.212526 0.0795266 -0.321575 -0.238738 -0.268416 -0.216644 0.359423 -0.0713671 -0.132882 0.0715476 -0.133535 0.0949866 0.284354 0.0147795 -0.148041 -0.0231954 0.441425 0.602447 5.81045 1.64356 0.581398 0.0377264 -0.0481844 0.0813488 0.285846 -0.0830202 0 
0 0 0 0 0 0 0 0 0 0 0 0 0 0 0 0 0 0 0 0 0 0 0 0 0 0 0 0 0 0 0 0 0 0 0 0 0 0 0 0 0 0 0 0 0 0 0 0 0 0 0 0 0 0 0 0 
0 0 -0.361874 -0.403318 -0.41811 -0.417333 -0.407657 -0.36997 -0.448164 -0.42353 -0.553484 -0.460706 -0.540478 -0.39601 -0.475568 -0.0922777 0.0192324 -0.322569 -0.125545 0.36918 -0.285636 -0.128161 -0.0940153 -0.376012 -0.291888 -0.277947 -0.304861 0.033103 0.576544 -0.197585 -0.154362 -0.198479 -0.333217 -0.307971 -0.379387 -0.199933 0.176783 -0.247699 -0.197291 -0.233227 -0.295098 0.283043 -0.0772038 0.309689 0.387409 0.422572 0.92056 7.50386 2.31359 0.356857 0.0470694 -0.00538549 0.0764981 -0.229702 -0.0323116 0 
0 -0.187776 -0.457714 -0.483869 -0.517706 -0.513159 -0.526614 -0.602764 -0.571037 -0.547104 -0.484037 -0.529319 -0.365162 -0.321035 -0.204496 -0.221809 -0.135686 -0.120106 0.161125 0.270647 -0.0162754 -0.321892 -0.143807 -0.366754 0.0144373 0.0296486 -0.364675 -0.237489 0.535886 -0.396625 -0.324979 -0.547274 -0.387163 -0.405246 -0.386634 -0.569257 -0.399058 -0.333639 0.0591209 -0.353577 -0.455526 0.0139897 -0.258466 -0.188163 -0.252132 0.0478691 0.175098 3.85971 0.385882 -0.192745 -0.0301422 -0.190167 -0.133259 0.37098 0 0 
0 0 -0.373323 -0.39413 -0.314705 -0.362655 -0.189885 -0.364554 0.370309 -0.265666 -0.412856 -0.468194 -0.507216 -0.510244 -0.488878 -0.215824 -0.334229 -0.0880628 -0.112804 0.423284 0.00587006 0.485868 0.302799 6.55614 0.181793 -0.284862 -0.214992 -0.151735 0.474944 -0.38762 -0.0420794 -0.483439 -0.0194101 -0.357064 -0.114992 0.280836 1.51773 -0.0599861 -0.0249606 -0.20111 -0.354279 0.149637 -0.26304 0.101934 -0.0696733 0.493788 0.61956 6.76839 1.57213 1.3382 0.0428442 0.383916 -0.217187 -0.0655472 -0.140802 0 
0 0 -0.295073 -0.324952 -0.243778 -0.322632 -0.371823 -0.403535 -0.312896 -0.479102 -0.601781 -0.417035 -0.456893 -0.32198 -0.419185 0.0681386 -0.108867 -0.015981 0.256936 0.331104 0.136242 0.0462464 0.451089 -0.0442217 0.31652 0.273613 0.057811 0.143708 0.748523 -0.110562 0.20441 -0.310839 -0.280471 -0.325507 -0.340589 -0.0782808 0.359825 0.0911894 0.132042 -0.0245451 0.0279643 0.218515 -0.0142364 0.184814 0.068446 0.223417 1.06567 7.23945 1.70208 0.125545 0.258118 -0.0570381 -0.0119799 -0.109295 -0.0355979 0 
0 0 -0.458574 -0.540654 -0.533144 -0.576698 -0.538064 -0.532525 -0.56648 -0.547686 -0.439176 -0.531865 0.0911712 -0.339911 0.123834 -0.242819 -0.204944 -0.299351 -0.114076 0.240567 -0.246712 -0.420376 -0.388006 -0.358075 -0.475397 -0.179238 -0.183737 0.264128 0.743486 -0.525923 -0.422022 -0.535636 -0.488787 -0.732989 -0.635179 -0.456735 -0.122161 -0.591598 -0.236493 -0.561239 -0.149779 -0.181783 0.0698787 0.019509 -0.206031 0.0591011 0.17475 7.14495 0.812188 0.0198362 0.170602 0.063478 0.599921 0.800011 0.615161 0 
0 0 -0.372995 -0.363445 -0.237657 -0.405069 -0.304614 -0.416323 -0.233444 -0.305252 -0.530013 -0.473028 -0.370299 -0.283971 -0.283371 0.056934 0.0835979 0.0846359 -0.0195704 0.800752 0.027949 0.232389 0.671753 0.403802 0.232603 0.141323 -0.164096 -0.0681786 0.719782 -0.235824 -0.0686079 -0.142567 0.452917 -0.170092 -0.0463377 0.151066 0.900677 0.229181 -0.0387175 0.0187437 -0.125773 0.122638 -0.035143 0.419818 0.155228 0.353522 0.615443 6.69034 1.32315 0.315822 0.053665 -0.0708418 -0.00603224 -0.178642 -0.213496 0 
0 0 -0.303814 -0.108793 -0.303538 -0.341868 -0.312651 -0.332637 -0.196639 -0.34675 -0.355919 -0.146615 -0.339568 -0.0694739 -0.299872 0.0770113 0.528342 0.103584 0.356574 0.547475 0.18146 0.0734949 0.194475 0.000907604 0.2197 0.24204 -0.0781124 0.0884507 1.12471 -0.135062 -0.0906777 -0.0323556 -0.375426 -0.048611 -0.291681 0.315953 1.04128 -0.0587393 0.151326 0.00489469 0.0802735 0.700574 -0.0079413 0.214494 1.00592 0.336688 0.800732 8.34288 1.6528 0.181444 0.0792955 0.171649 0.284314 0.0679521 -0.0244203 0 
0 -0.199936 0.235843 -0.429232 -0.100093 -0.464875 -0.114056 -0.503588 -0.41918 -0.427422 -0.636375 -0.105935 -0.257489 0.78929 0.333042 1.50794 0.149916 9.64505 0.356531 4.54853 0.0228133 0.0131237 0.15093 -0.277869 0.391536 -0.120223 0.277751 1.00829 1.06264 0.0223965 8.46553 0.122054 6.23288 -0.134069 1.71958 -0.0910343 0.852636 0.124411 -0.035745 1.13575 0.77189 0.594439 0.614108 1.03641 0.0807286 8.69009 0.643961 17.3919 1.23933 0.0258468 -0.050695 0.00419162 6.6959 0.237276 0 0.869348 
0 -0.275171 -0.358713 -0.360248 -0.215863 -0.355349 -0.325313 -0.402332 -0.452646 -0.219462 -0.416031 87.8574 -0.148143 -0.100373 -0.539855 -0.126036 0.367612 0.0999405 -0.0367068 0.366593 -0.281622 -0.255616 0.103967 0.127986 44.1771 0.356183 119.466 0.297855 1.18665 -0.0608982 0.0786557 -0.200988 -0.137932 -0.186852 -0.297296 0.0776059 0.722618 0.448792 0.438127 87.8574 0.0136375 1.19008 0.0651174 0.687508 0.645796 0.872705 1.12067 8.17109 1.46037 0.395165 0.0952956 0.149383 44.1771 0.189348 119.466 0 
0 -0.157252 -0.41055 -0.372763 -0.431805 -0.426934 -0.381754 -0.332693 -0.335106 -0.391652 -0.535372 -0.44011 -0.432009 -0.193922 -0.393263 -0.301765 -0.356275 -0.438405 -0.368565 0.371668 -0.0962427 -0.286164 0.336488 -0.434103 -0.0404037 -0.555478 -0.174694 -0.0152234 0.811143 -0.348618 -0.0392939 -0.486479 -0.453558 -0.533204 -0.56521 0.205631 0.0697308 -0.0097773 -0.18568 0.201344 -0.393435 0.449912 0.0307286 -0.190146 0.23687 0.266464 0.38791 6.37169 1.23242 -0.167392 0.11024 -0.300481 0.0572951 -0.259527 0 0 
0 -0.342264 -0.536022 -0.518002 -0.460416 -0.556282 -0.489853 -0.586909 -0.510272 -0.558484 -0.378302 -0.268241 -0.268467 0.238466 -0.449075 -0.213364 -0.211359 -0.227987 -0.442968 0.122646 -0.265962 -0.00176254 -0.29537 -0.31641 -0.396863 -0.172645 0.347606 -0.248399 0.711622 -0.473023 -0.253247 -0.774455 -0.554661 -0.71766 -0.654507 -0.6037 -0.294792 -0.628642 0.1026 -0.5232 -0.243417 0.0934922 -0.471248 -0.305005 0.111167 0.130206 0.346565 5.90592 1.19888 -0.108102 0.0172832 0.106649 0.0841718 0.83375 0 0 
0 0 -0.385608 -0.461533 -0.463603 -0.475457 -0.475955 -0.452322 -0.337116 -0.305611 -0.384506 -0.457942 -0.56108 -0.369607 -0.620414 -0.492221 -0.553528 -0.51678 -0.494806 -0.0235566 -0.382265 -0.466795 -0.171014 -0.418203 -0.367995 -0.549905 -0.474612 -0.16514 0.611465 -0.552479 -0.296158 -0.682995 -0.454618 -0.474276 -0.582987 -0.333273 -0.14738 -0.458456 -0.277976 -0.360262 -0.603487 -0.0973382 -0.434537 -0.170479 -0.135173 0.457723 0.25593 6.11712 1.40628 -0.123016 -0.312344 -0.30534 -0.0874765 -0.217502 -0.182822 0 
0 0 -0.371559 -0.339483 -0.321744 -0.389966 -0.325909 -0.231764 -0.0774005 -0.35768 -0.373738 -0.36903 -0.476798 -0.371496 -0.514168 -0.364245 -0.462924 -0.316616 -0.320558 0.184855 -0.23101 0.13579 -0.0511047 0.433788 -0.208667 0.316189 -0.420437 0.194434 0.798905 -0.254076 -0.194225 -0.454066 -0.276629 -0.487493 -0.308124 -0.0733206 1.30683 -0.249903 1.5922 -0.23348 -0.0311704 0.0311709 -0.238917 -0.205085 -0.134145 0.285354 0.430975 6.58391 1.32342 0.713001 0.0110982 0.805441 0.0739136 0.498383 -0.187123 0 
0 -0.195753 -0.416145 -0.57981 -0.523822 -0.484745 -0.427392 -0.289226 -0.511693 -0.288055 -0.357634 -0.53288 -0.288532 0.0915569 0.0378525 0.10559 -0.0126063 -0.0338757 0.0245798 0.426456 -0.135163 -0.410407 0.388602 -0.326551 0.0112039 -0.379329 -0.0604411 -0.138773 0.555398 -0.602212 -0.0857731 -0.601562 -0.489299 -0.237965 -0.614391 0.527595 1.68977 -0.036812 0.816618 -0.3728 -0.556071 0.246407 -0.532908 -0.443677 -0.320297 -0.312307 0.0698982 3.58684 1.52621 0.453583 1.56595 -0.0486114 1.92262 0.210055 0 0 
0 -0.153882 -0.37458 -0.353268 -0.370963 -0.239519 -0.313813 -0.363578 -0.512343 -0.498454 -0.625281 -0.492649 -0.480599 -0.407468 -0.531833 -0.146016 -0.218944 -0.325353 -0.0902644 0.260059 -0.0847544 -0.343613 0.322875 -0.259754 -0.203008 -0.250087 -0.392828 -0.24856 0.735201 -0.305396 -0.217342 -0.601016 -0.359583 -0.397465 -0.442119 -0.100992 0.204878 -0.345318 -0.328036 -0.317068 -0.340692 -0.0484533 -0.278094 -0.0859036 -0.134354 -0.00748946 0.208908 6.1408 1.53758 -0.0587037 -0.193531 -0.258871 -0.161185 -0.202408 -0.19673 0 
0 0 0 0 0 0 0 0 0 0 0 0 0 0 0 0 0 0 0 0 0 0 0 0 0 0 0 0 0 0 0 0 0 0 0 0 0 0 0 0 0 0 0 0 0 0 0 0 0 0 0 0 0 0 0 0 
0 -0.202266 -0.505856 -0.473632 -0.511041 -0.441236 -0.432391 -0.393872 -0.512715 -0.552612 -0.682171 -0.580106 -0.549339 -0.183718 -0.477255 -0.185237 -0.244959 -0.456984 -0.177538 0.293682 -0.169976 -0.430942 0.0475582 -0.445414 -0.310775 -0.0251393 -0.36423 -0.0246549 0.885544 -0.296731 0.242728 -0.432582 -0.158012 -0.368796 -0.160378 0.233033 0.174847 -0.260148 -0.0751014 -0.342835 -0.352664 0.235243 -0.225591 -0.156987 -0.0929474 0.263653 0.354122 6.87838 1.51903 0.0507438 -0.0172513 -0.236115 -0.234419 -0.0982718 0 0 
0 -0.211119 -0.267915 -0.457526 -0.438091 -0.490632 -0.251083 -0.598655 -0.461761 -0.638186 -0.503871 -0.660884 -0.582506 -0.412525 -0.408229 0.815209 -0.340708 0.272164 -0.288884 0.751643 -0.12934 -0.087149 -0.247169 -0.467649 -0.122391 -0.338233 -0.506548 -0.31309 0.744569 -0.523178 0.34349 -0.660848 -0.0240584 -0.26107 0.421522 -0.29408 0.112978 -0.468996 0.00504558 -0.557105 -0.319741 -0.357992 -0.412827 1.13053 0.0260078 0.53796 0.157287 5.17773 1.98507 0.151655 -0.230909 0.0112363 -0.0414096 0.14702 0 0 
0 0 -0.341519 -0.368745 -0.365952 -0.363091 -0.438077 -0.367188 -0.306125 -0.359255 -0.561314 0.879096 -0.371666 -0.337974 -0.521411 -0.331548 -0.309284 -0.41281 -0.316454 0.147207 -0.178252 -0.328671 -0.0153575 -0.156564 -0.0337808 -0.18624 -0.322839 -0.112057 0.789356 -0.578805 -0.104031 -0.66783 -0.456901 -0.534856 -0.488847 0.238842 0.346643 -0.165865 -0.0715637 0.114982 -0.267903 -0.00172366 -0.210053 -0.134017 0.00651353 0.181532 0.257017 7.42197 1.2384 -0.0784822 -0.176218 -0.188144 -0.112109 -0.17101 -0.129507 0 
0 0 -0.287876 -0.442426 -0.464012 -0.458072 -0.5512 -0.530933 -0.552296 -0.514783 -0.639316 -0.60833 -0.57061 -0.452093 -0.584882 -0.358197 -0.378794 -0.457615 -0.31435 -0.132496 -0.236104 -0.481456 -0.24428 -0.465478 -0.245739 -0.461044 -0.352926 -0.150645 0.583819 -0.515734 -0.252459 -0.495274 -0.253763 -0.272805 -0.319008 -0.172356 -0.126086 -0.194759 0.0415929 -0.331656 -0.213213 -0.0718409 -0.264793 -0.101556 -0.0689825 0.255601 0.36998 6.99157 1.94748 -0.0246737 -0.224028 -0.339467 -0.232633 -0.331356 -0.311308 0 
0 -0.101441 -0.407182 -0.516699 -0.570516 -0.459193 -0.515046 -0.576298 -0.573268 -0.559805 -0.542144 -0.431795 -0.354998 0.19834 -0.182418 0.278257 0.148325 0.0763149 -0.0928938 0.156205 -0.198689 0.495275 -0.31193 -0.483743 -0.430146 -0.312154 -0.238913 -0.26745 0.892037 -0.535082 0.205484 -0.52499 -0.355103 -0.591203 -0.592474 -0.0542297 1.16668 -0.499779 -0.397604 -0.392703 -0.307435 -0.10382 -0.410069 0.130407 0.045123 0.315084 0.427757 6.39508 1.9409 -0.0767178 -0.0110153 0.141222 0.224754 0.525966 0.393443 0 
0 0.0893616 -0.332632 -0.481126 -0.497583 -0.439799 -0.451999 -0.479085 -0.309675 -0.466849 -0.461932 -0.516248 -0.447559 -0.426397 -0.496156 -0.409965 -0.42731 -0.466235 -0.338095 0.27854 -0.282474 -0.347926 0.230044 0.199663 -0.178551 -0.216518 -0.282674 -0.130367 0.637584 -0.480162 -0.196625 -0.594516 -0.469403 -0.428238 -0.382739 -0.215992 0.747918 -0.260594 0.252691 -0.311062 -0.116264 -0.108765 -0.243343 0.000181085 -0.0967026 0.492915 0.323686 6.39195 1.63256 0.390451 -0.0690369 0.692189 0.0423541 0.17238 0 0 
0 -0.147827 -0.253198 -0.354264 -0.409915 -0.301349 -0.314986 -0.402212 -0.471916 -0.443617 -0.377545 -0.413819 -0.529099 -0.436218 -0.460993 -0.322375 -0.298729 -0.360487 -0.234134 0.342177 0.0138581 -0.440871 0.0319302 -0.329991 0.0245432 -0.373504 0.0234792 -0.242448 0.450731 -0.586057 -0.113919 -0.581143 -0.353724 -0.523591 -0.549557 -0.132415 -0.221089 -0.316762 -0.343781 -0.21983 -0.446841 -0.283503 -0.416735 -0.0956188 -0.204723 0.0635374 0.228307 5.62636 1.35399 -0.197983 -0.14079 -0.324696 -0.163425 -0.203591 0.0145157 0 
0 -0.127769 -0.373864 -0.445147 -0.460749 -0.477072 -0.468281 -0.531311 -0.515737 -0.557324 -0.432825 -0.516925 -0.104795 0.0873759 -0.472697 0.323865 -0.391283 -0.280033 0.584257 0.113657 -0.444546 -0.207095 -0.0440757 -0.0222918 -0.498079 -0.00760634 -0.262435 -0.0541467 0.824058 -0.688699 -0.241522 -0.384788 -0.465304 -0.639175 -0.466725 -0.410261 -0.0396886 -0.586473 0.273344 -0.576573 0.203879 0.620062 -0.248239 0.231326 -0.246136 -0.0921912 -0.0935811 4.23602 0.998206 -0.0981868 -0.0422973 0.681858 -0.0819061 2.03714 0 0 
0 -0.0456289 -0.310373 -0.369567 -0.373469 -0.325893 -0.341241 -0.377503 -0.326689 -0.362925 -0.452247 -0.32058 -0.463226 -0.304197 -0.454807 0.173272 -0.207841 -0.173307 -0.055031 0.265088 -0.162592 -0.345305 0.179431 -0.386719 -0.138628 -0.399558 -0.216268 -0.235153 1.07375 -0.391772 0.487018 -0.524814 -0.286503 -0.411038 -0.581401 -0.162919 -0.0895228 -0.0437044 -0.307732 -0.178145 -0.389378 0.235435 -0.316578 0.17732 0.0234415 0.368167 0.354311 6.55996 1.69127 -0.00179486 0.0659324 -0.131626 -0.020716 -0.00912319 -0.192437 0 
0 0.10273 -0.316444 -0.199257 -0.410608 -0.459741 -0.479969 -0.436748 -0.439922 -0.102662 -0.475503 -0.107896 -0.345288 -0.311234 -0.555866 -0.327606 -0.0106552 -0.313724 0.185984 0.0939455 -0.132773 -0.385582 0.176721 -0.37423 0.654229 -0.22819 8.61512 -0.103268 0.434833 -0.310472 -0.179775 -0.209913 -0.0877896 -0.425779 -0.45848 -0.299544 0.0444977 0.711396 -0.105169 0.659825 -0.380021 -0.19153 -0.0725006 0.0107725 0.489438 0.284732 1.38739 6.90337 1.35586 0.169965 0.0538223 -0.0749149 0.0922101 -0.137541 8.61512 0 
0 -0.311475 -0.467228 -0.479171 -0.555212 -0.509181 -0.487362 -0.560375 -0.444641 -0.317174 -0.58793 -0.145985 -0.45767 0.239346 -0.218076 -0.163978 0.00155374 -0.203538 0.275131 -0.184088 0.0975851 -0.269175 0.530678 -0.238354 0.318782 -0.554907 -0.146167 -0.232921 0.251771 -0.631252 -0.340383 -0.388004 -0.469692 -0.162191 -0.585505 -0.228672 0.684797 0.172653 -0.143139 0.238739 -0.467971 -0.311851 -0.430167 -0.251528 -0.0474817 0.0509184 0.465016 3.50646 1.32412 0.194584 0.275135 0.646879 0.70256 0.158279 0 0 
0 0.0328576 209.832 -0.26933 -0.233842 -0.467657 -0.417102 -0.51276 -0.502455 -0.49481 -0.590602 -0.603887 -0.523937 -0.245709 -0.404135 187.436 -0.140067 -0.236896 -0.284802 0.100253 -0.272282 -0.37157 -0.112492 -0.496229 -0.297333 -0.380032 -0.310295 -0.191953 1.06527 -0.0223326 209.832 -0.222796 -0.0793631 -0.328984 -0.377695 -0.217493 0.117992 -0.289949 -0.156161 -0.327399 -0.341054 0.292681 -0.0882946 187.436 0.332226 0.881262 0.253531 6.84954 1.4501 0.0674583 -0.0161971 -0.184481 -0.285657 -0.133843 -0.146919 0 
69.3235 -0.0371926 -0.342798 -0.282199 -0.444907 -0.459277 -0.454619 -0.472776 -0.471898 -0.509155 -0.54678 -0.529826 -0.379212 0.814537 -0.398055 -0.391886 0.0491086 -0.534466 -0.0644509 0.028092 0.00738633 -0.378711 -0.170992 -0.186532 -0.125266 -0.0230521 0.152119 0.775217 69.3235 -0.0446909 -0.133935 -0.0920479 -0.404971 -0.372001 -0.357613 -0.10797 0.812632 -0.095609 0.315496 -0.219397 0.85038 1.40067 0.275687 -0.175683 0.236675 0.0239481 0.629835 6.5547 1.48325 0.177713 -0.180154 0.132244 -0.131396 0.0846756 0 0 
0 -0.149833 -0.427541 -0.505903 -0.481674 -0.481455 -0.405212 -0.485621 -0.380447 0.107545 -0.184079 -0.357657 0.00781108 -0.228479 0.0137204 0.00715353 -0.100774 0.0385007 -0.000137206 0.232101 0.0791163 0.0198383 0.0146887 0.259871 0.242582 0.145697 -0.412781 0.14646 0.335191 -0.529694 -0.200966 -0.729304 -0.295595 -0.573027 -0.440487 -0.245181 -0.161314 0.127485 0.00995808 -0.404946 -0.145802 -0.304865 -0.544117 -0.283809 -0.200365 0.198849 -0.164517 4.91899 1.4922 0.0653524 0.0476709 0.0834604 0.517243 1.19957 0 0 
0 -0.178396 -0.378127 -0.459969 -0.429977 -0.414589 -0.379161 -0.478579 -0.406612 -0.41884 -0.499751 -0.535215 -0.451548 -0.455586 -0.508223 -0.314346 -0.228198 -0.235626 -0.241244 0.108284 0.0911299 -0.275044 0.216247 -0.234753 -0.208935 -0.313086 -0.254078 -0.146895 0.525788 -0.361651 -0.151793 -0.4768 -0.157695 -0.363773 -0.437959 -0.0622943 0.416563 -0.30297 0.00172095 -0.302611 -0.339548 -0.114991 -0.263753 0.0207165 -0.156759 0.365588 0.20318 5.7871 1.62165 0.83781 -0.0979674 -0.00673489 0.0821263 0.106794 0 0 
