One row per scan, one column per slice. b0s set to zero
0 0 0 0 0 0 0 0 0 0 0 0 0 0 0 0 0 0 0 0 0 0 0 0 0 0 0 0 0 0 0 0 0 0 0 0 0 0 0 0 0 0 0 0 0 0 0 0 0 0 0 0 0 0 0 0 
0 0 0 0 0 0 0 0 0 0 0 0 0 0 0 0 0 0 0 0 0 0 0 0 0 0 0 0 0 0 0 0 0 0 0 0 0 0 0 0 0 0 0 0 0 0 0 0 0 0 0 0 0 0 0 0 
0 0 -0.408223 0.51307 0.266438 -0.468241 0.391991 0.0128894 0.161185 0.231157 0.0986743 -0.644845 0.0157928 -0.148307 -0.0873354 -0.0937543 0.0536713 0.242344 -0.573136 -0.224117 0.382694 0.404351 1.26104 0.508685 -0.0714721 0.289497 -1.09758 0.596251 -2.36244 0.315152 0.0321401 1.41503 -0.136803 0.813902 0.936168 2.42552 0.0868343 0.255884 -0.253926 -0.760977 0.0798245 -0.120143 0.133597 0.0470365 1.26177 -0.0999467 -0.15375 0.656433 2.53522 1.15749 0.929781 -0.332587 -1.08964 -0.383761 0.0220947 0 
0 0.342234 0.0366241 0.00391109 0.269157 0.447938 0.432519 0.253526 0.623403 0.359678 0.124485 1.17965 -0.441 0.618869 -0.745518 0.350007 -0.416077 1.05593 0.732406 2.40716 0.0975261 0.857467 0.676451 1.10356 1.05126 0.43002 1.38698 -0.417696 0.830147 -0.0465873 -0.399038 0.626709 0.783807 1.14482 1.22582 2.24311 2.35571 0.602308 -0.205041 1.33586 0.191133 0.842886 -0.0744303 0.973398 1.26792 -0.129064 0.818109 0.930061 0.104943 0.319743 0.829729 -0.22357 -0.707701 -0.477557 0 0 
0 0.28359 -0.0362414 0.498232 0.514864 0.993502 0.0820283 0.122028 -0.0363334 0.333464 0.104202 -0.13659 0.130732 -0.0102851 0.155221 0.587582 0.186945 1.04922 0.886489 0.734177 1.13043 0.828485 0.82426 0.285283 0.261912 0.0541701 -0.15499 0.989919 0.121266 -0.505248 -0.748337 0.639008 1.11169 1.55276 0.804524 1.88309 -0.875772 0.403619 0.0433144 -1.22653 -0.116654 0.0666912 -0.855526 0.307679 0.0926808 0.912798 -1.07652 2.55521 -1.0117 0.718612 -0.231403 -0.465221 -0.52899 0.0446535 0 0 
0 -0.286296 -0.0385203 0.622915 0.145365 0.416492 -0.314222 0.236941 -1.24122 0.282269 -0.369871 0.127913 0.0748461 -0.334801 -0.351129 0.595319 -0.0743396 1.22022 -0.319451 -0.789879 -0.16698 -0.846563 1.61117 -0.907871 0.526399 -1.2195 -0.914205 -0.616949 0.06112 -0.820378 0.526596 -0.0506269 1.50299 -0.290975 -0.273349 -0.317451 0.559314 0.737948 0.416109 -0.0845652 -0.22027 -0.247356 -0.0209721 0.933629 -1.11079 -0.763851 -2.33807 1.3515 -2.90276 -0.580203 -0.335412 0.404932 -0.161848 -0.19707 0 0 
0 0.803303 -0.305458 -0.0600031 0.174996 0.718915 -0.110478 0.135927 0.56795 0.199639 -0.011966 0.199162 0.18393 0.125549 0.133473 -1.46816 0.374529 -0.46446 -0.816676 0.370395 0.000919883 1.10037 1.01265 0.665679 0.370747 0.665474 -0.0267362 0.0748865 1.21634 0.560209 -1.00897 0.145582 -0.13701 -0.0919987 0.15408 -1.01673 -0.44069 0.414447 0.226819 1.16828 0.806094 0.243968 0.23128 -0.415149 0.0133874 -0.256185 -0.416613 1.1397 -0.674313 0.818953 0.312393 0.683284 1.318 1.88596 0 0 
0 0.465682 0.237467 0.239513 0.620445 0.291583 0.358087 0.207959 0.586484 0.321732 -0.157836 0.541888 -1.10302 0.882622 -0.946913 0.520122 0.33379 0.926234 0.24839 0.148417 -0.0792924 -0.104179 0.55312 0.90719 0.293904 -0.111418 2.24885 -1.57586 -0.757401 -0.694519 -0.21977 0.505136 0.775787 -0.542475 -0.709271 0.615516 1.25823 -1.89398 -0.756762 -0.88976 -1.61139 0.533459 -0.281235 2.0547 0.79807 1.61446 0.341318 1.28006 -0.186973 -0.174596 -1.07534 0.64816 -2.44538 0.62972 0 0 
0 0.450801 0.82887 0.397102 -0.477414 0.145042 -1.46647 -0.286746 -0.0166057 0.0705878 0.440845 0.214837 0.193165 0.0599737 0.134978 0.541352 0.812807 -0.219563 2.10753 -1.03753 -0.462301 -0.335754 0.544654 0.0464662 -0.532973 0.0706595 -0.451351 -0.805078 1.27476 -0.63569 0.0184193 1.02646 -0.226158 0.629915 -2.35711 0.407925 -0.165453 -0.438711 1.07012 0.579278 0.0223932 0.777451 0.366465 1.67105 0.220292 0.946043 -1.61775 -2.46037 -1.06076 0.7543 -0.378796 0.0225247 0.856344 1.18223 0 0 
0 -0.233598 -1.07162 -0.983062 -1.93351 -0.174936 -0.402652 0.202682 -0.350509 0.152804 -0.6703 -0.244427 0.615666 0.812365 -1.44247 -3.22946 -1.73971 -2.97264 -0.894185 -6.24402 -1.0095 -2.09895 1.59961 -1.34038 0.203605 0.0348807 0.103864 0.116559 -0.573908 -1.71801 -3.03787 -3.4207 -6.2111 0.396617 -0.846007 -0.30842 -0.605018 0.77729 0.809855 1.52084 1.07201 1.9584 -0.800578 -2.81498 -0.162228 -0.618469 0.269515 0.26206 0.329728 0.783388 1.5278 0.464361 1.50216 1.24793 0 0 
0 0 0.193215 -0.39901 0.964507 0.068843 0.247637 0.399994 -0.262955 0.0989863 0.179972 0.425353 0.335351 -1.80121 -1.361 0.0526153 -1.48119 0.502394 -1.63087 0.86327 -0.884297 -0.671777 -0.0494842 0.563565 -0.867835 -0.340447 1.18572 -1.88668 -1.5694 0.0194161 1.39677 -0.748894 1.69269 0.239268 1.03678 0.0623395 2.76609 -0.322292 0.948222 0.0310713 0.329372 -3.07366 -0.847731 0.49122 -1.27578 0.692278 -1.80991 0.682866 0.974452 -0.460133 0.363138 -0.257455 -0.219616 0.0688614 -0.912592 0 
0 0 -0.459533 -0.685798 0.25577 -0.110572 0.355106 0.560731 0.326259 -0.728681 -0.601487 -0.233359 -0.0895095 0.155246 -0.597398 0.459491 -0.933538 0.84924 -0.775789 -0.0375914 1.63811 -0.313076 1.17338 -0.277951 -0.488252 0.643086 -0.114596 -0.3637 0.319865 -0.715671 -0.352951 -0.0570182 0.137761 -0.129343 0.80332 1.1323 -0.807412 -0.163595 0.680834 1.26737 0.40886 -0.0221938 0.403888 -0.427425 0.429222 2.18056 -0.480913 2.9447 1.55343 -0.107812 -0.321664 0.107972 -0.0785005 0.607772 0.0895854 0 
0 0 0.708097 0.33528 -0.0544564 0.362655 -0.333941 -0.191573 -0.663395 -0.330134 -0.00448728 0.0895457 0.0552077 -0.0750116 -0.307992 0.861321 0.519894 0.198472 -0.80908 -0.688943 -1.03155 -1.10744 -0.151857 0.518712 0.972685 0.364158 0.867262 1.70314 2.0669 0.725253 0.506892 1.28576 -0.247642 -0.178064 -1.09984 -0.0350641 -0.417058 -0.330688 0.450753 1.38207 1.20528 1.51877 0.890417 1.46795 1.69204 -0.810703 0.229036 -0.140602 -0.84027 0.332597 0.475236 1.09391 0.941347 0.340606 0.337777 0 
0 0 0.203874 -0.0464427 0.380068 0.30782 -0.239456 -0.0690112 0.269528 -0.126236 -0.430738 0.921057 0.638589 0.853202 0.718091 0.38913 -0.139282 0.0365969 -1.12254 1.12983 -0.714259 -1.41223 0.353776 0.113081 0.152406 -0.278002 0.319468 1.56421 -1.26596 -0.201658 -0.349771 -1.14895 -0.738415 -0.849472 -0.536983 -1.41363 0.713525 -0.643366 -0.680643 0.218965 0.579104 0.311288 -0.497665 -0.657317 -0.751891 -1.34997 -2.07227 0.793458 -0.390504 0.38044 -0.467154 0.374818 1.45944 -0.0377558 0.370195 0 
0 -0.213257 0.353377 -0.45351 0.313412 -0.258166 0.571988 0.354321 0.450533 0.0604037 -0.775977 -0.293165 0.40966 -1.91744 -1.538 0.714497 0.185755 0.316114 0.127317 -0.863141 1.2996 -0.993314 1.00922 -1.23834 -0.373597 -1.07532 1.24037 0.346231 1.8023 -2.1579 1.54982 -1.66909 1.35627 0.232646 -0.430223 1.83169 -0.402323 -0.389414 -3.82042 0.453972 -2.07438 -10.2731 -2.02999 0.216564 -0.250044 0.569111 -1.16194 0.00649263 2.98594 -0.432524 1.01579 -1.89389 0.0106623 -1.4865 0 0 
-4.98105 0 0.239649 -0.156245 0.147335 0.350276 0.353726 0.0314778 0.331528 -0.119016 0.539735 -1.45751 0.0475047 -1.87427 0.547301 0.748946 1.41692 1.1973 -0.573567 0.642498 1.28474 0.965771 -0.139572 0.365897 -2.27325 0.566762 -2.51722 0.980915 -6.13115 0.487631 2.19944 0.0629322 0.380692 -0.326378 0.366078 2.58694 0.436216 -0.22986 1.45476 -3.39097 0.994582 -1.95456 1.81403 1.00532 1.92633 1.30469 0.865056 -4.02169 3.55405 0.454222 0.382665 -0.683749 -1.97947 -0.369576 -1.71017 0 
0 0 0.350672 0.172424 0.198774 0.300193 0.640283 0.626181 0.359486 -0.170688 0.0253172 -0.766331 -0.82918 0.79065 -0.919058 0.653082 0.18185 -0.419595 0.358409 0.958917 -0.708482 -0.376016 -1.85386 0.156281 -0.845099 0.161256 1.46085 -0.326279 1.09185 0.302589 -0.884984 -0.235376 1.05419 0.937194 1.1773 -0.0269755 0.249891 -0.832998 0.421488 -1.93084 0.53865 0.320006 0.663435 -0.0297502 1.11156 0.0542194 0.0243101 1.27305 -0.645764 -0.0863992 -0.821859 0.249589 -0.568312 0.841765 0.240369 0 
0 0 0 0 0 0 0 0 0 0 0 0 0 0 0 0 0 0 0 0 0 0 0 0 0 0 0 0 0 0 0 0 0 0 0 0 0 0 0 0 0 0 0 0 0 0 0 0 0 0 0 0 0 0 0 0 
0 0 0.743725 0.29156 0.423071 1.03705 -0.252688 -0.0422486 0.331392 -0.016609 0.343832 -0.3816 0.635124 1.50059 0.29242 0.727021 0.0739212 1.11953 -0.125441 2.34925 -0.0855199 1.30129 -0.00441738 0.429348 0.519806 2.01518 -0.0412855 1.19931 1.40389 -0.327953 0.338789 0.532679 1.52308 1.24065 1.01845 0.826961 1.51674 0.134914 1.95066 0.0929001 0.765058 2.08245 -0.718359 -0.320536 -0.539273 -1.58962 -1.33207 -0.761269 0.402761 0.366336 0.536131 0.245668 1.03874 -0.250056 0.813103 0 
0 0.577967 -0.197002 -0.331452 -0.360706 0.155002 -0.145411 -0.249582 -0.885348 -0.0724092 -1.41353 -0.326825 -1.20256 -0.495611 -1.09774 -0.932718 -0.244114 0.647624 -0.784455 -0.146739 -0.346342 0.614538 -0.458053 -0.851383 -0.00451561 -0.973686 0.228954 -0.733065 2.15355 -0.124009 0.0323099 0.562058 -0.0588953 0.581892 1.02468 -1.10355 0.276285 0.314458 -2.06838 -0.020613 -1.03664 -1.47181 -0.420176 0.311218 0.773168 -0.137106 0.167474 2.86881 -0.515544 -0.247311 -0.971321 -0.700176 -0.882327 1.08204 0 0 
0 0 0.348376 -0.293128 0.264205 -0.399949 0.0453139 -0.301611 0.409745 0.00235327 0.606407 0.234735 0.308544 0.142354 1.10932 -0.23663 0.0451798 1.04046 0.12445 1.56636 -1.54248 -0.617318 -0.901844 0.535493 0.114015 0.502563 0.180299 0.921302 2.21278 0.0515015 -0.134647 -0.838792 0.352397 -1.33548 -1.27907 -1.75594 1.57444 0.0185794 1.72865 -0.484057 -0.714842 0.738422 0.393322 0.403172 -0.919956 -0.446012 -1.65096 2.9747 -1.53049 0.91122 -0.0438461 1.64767 1.76816 0.11112 0.152004 0 
0 0 0.734716 0.142951 0.0175455 0.0940072 -0.125504 0.242732 0.307491 -0.594479 0.386287 1.01547 0.576673 -0.0935582 0.585388 1.85788 0.628611 1.31249 0.0453183 1.96787 -0.400084 0.866435 -0.977239 1.35238 1.11876 -1.01944 0.70586 1.15471 -1.90948 0.66692 -0.504258 -0.429042 0.741233 0.296607 -0.629138 -0.169157 3.26029 -1.16488 0.471832 1.7372 0.0346457 0.0376844 0.683513 1.58043 1.44425 0.899605 -0.05589 -0.111496 0.622546 -0.696302 -0.48568 0.518193 0.686443 -0.144314 0.897733 0 
0 0 0.38293 0.336141 -0.166775 0.505039 0.04658 0.115972 -0.0131839 0.280058 0.210083 0.0590921 0.437773 -0.761133 -0.243733 -0.463645 0.253509 0.949891 -0.447889 -1.37694 0.0128072 0.281659 0.0959813 -0.393635 -0.501267 1.18106 -0.519047 1.14645 -1.27241 -0.173849 0.338685 0.0834058 0.0556315 0.850311 -0.161212 0.728144 0.487786 -0.497444 1.20292 -0.381233 1.24061 1.39613 1.14531 0.728511 0.727199 1.09303 0.938625 0.0837719 1.18172 -0.053848 -0.0774214 -0.59166 0.229577 0.386123 -0.46687 0 
0 0 -0.368133 0.451893 -1.07062 -0.0441242 0.41583 0.0401201 0.0913239 0.629813 0.38133 0.412764 0.577258 0.185842 1.63235 -2.94834 0.970796 -0.0338396 -0.563763 0.408823 -0.661827 0.530105 0.169687 1.19741 1.75013 2.09439 0.205091 3.35984 0.976716 1.42971 -1.48779 0.574884 -2.89992 -1.18761 -0.41887 -1.7867 -2.25674 -1.17194 -1.35519 1.17952 1.00356 -1.42888 0.46941 -2.65831 -0.407274 0.571387 -0.411736 -0.15014 -2.29938 0.642298 0.346367 1.22529 1.08737 0.843787 0.40196 0 
0 0 0.193095 0.285656 0.804726 0.0153316 0.460829 0.239924 0.509326 -0.175146 0.0446714 0.680327 -0.148463 0.51836 -0.196027 0.762229 0.956301 1.10139 -0.114061 1.78631 1.34108 0.214002 -0.500126 0.449821 0.570391 -0.63603 1.33688 -1.84654 1.10036 -0.701557 -0.766023 0.38911 -0.753319 -1.24486 -0.0828666 0.0178455 0.227234 -1.03452 -1.34302 -0.715577 -0.726901 0.111246 -0.0703518 1.20265 0.267187 1.04334 0.176642 -1.59294 -0.940754 -0.54516 -0.0536719 -0.475807 -0.902149 -0.0158339 0.492577 0 
0 -0.196932 0.286574 0.235361 -0.343233 0.503163 0.154316 -0.112456 -0.0237838 -0.166594 -1.39021 -0.538405 -0.613934 -0.328036 0.140165 0.432604 -1.09294 -1.1856 0.626558 -0.366894 -0.24105 -2.75699 -0.652425 -1.34094 -0.990702 -0.964348 -0.442308 -0.410525 0.849105 0.774706 -0.656515 -0.369775 -2.38422 -0.29298 -0.886054 0.72135 0.0579184 -0.635084 -1.83084 -0.96384 -0.40609 -0.511493 0.605827 0.825107 -0.986619 -1.28104 -0.719192 -1.58274 0.987834 -1.22253 -0.26846 -1.00382 -0.529452 0.0367172 0.188244 0 
0 -0.221172 -0.0404291 -0.268212 -0.24538 0.194465 -0.0615591 0.231685 0.407972 -0.543846 0.0298285 -0.322192 -0.544439 -0.0257466 -0.218814 -1.88282 -0.840945 -0.31616 -0.384592 -0.353804 0.825785 0.58031 -0.173071 0.0570284 -0.252933 0.369343 -0.202355 -0.167825 1.08298 -0.540045 0.681933 0.226412 -0.150719 0.0692655 0.629794 -1.00881 -1.51457 0.151652 -1.3625 0.493764 0.155705 -0.853956 -0.013318 -1.13235 -0.164749 1.53298 -0.817295 0.891505 -0.148166 0.225411 -0.627315 0.0957183 -0.748211 -0.150851 0 0 
0 1.47824 0.636287 0.198173 0.826148 -0.0566232 0.202285 0.172823 -0.284604 0.187847 -0.77147 -1.44205 -0.729374 -2.00119 -0.0395996 1.89428 0.106775 2.09451 -0.485288 0.575909 -0.661841 0.337859 0.751886 -0.122502 -1.34094 0.0743721 -3.157 0.00501129 1.24195 -1.47231 1.54914 -0.408434 1.19661 -1.07387 0.419192 0.0602968 1.40842 0.563154 -0.414641 -0.818032 -0.151454 -2.27155 0.683946 0.53744 0.493829 -0.548424 -0.354569 -1.33069 0.0580726 -0.909376 0.164114 0.208864 -0.529876 0.383603 -2.79004 0 
0 0.284089 -0.0177675 0.449337 -0.270642 -0.741802 -0.173106 -0.712907 0.0688389 -0.359878 0.248649 0.560882 0.368332 0.648768 0.596196 0.381079 0.485322 -0.919818 1.15018 0.536806 -2.03484 -0.415527 -1.64164 0.175084 -0.0456446 0.136319 -0.535949 1.38625 -0.214546 3.04368 1.06878 0.791416 -0.60156 0.302327 -1.47566 -2.50538 1.31397 -0.273175 0.326804 0.0594483 0.921834 1.79592 1.63517 0.973186 1.12152 0.316614 0.141269 -1.83088 -1.60633 1.03444 -0.732637 0.308279 0.322433 -0.146022 0 0 
0 -0.0881749 -0.186516 0.410053 0.378367 -0.578634 -0.622777 0.000428873 0.0788551 -0.0950652 -1.23563 0.544791 -0.142322 0.747763 -2.16626 0.0985239 -0.799685 -0.820597 -0.885843 -0.0635824 -0.156748 -0.341499 0.59783 -0.636442 0.200468 -0.972478 1.05296 -0.278465 1.85034 -2.10782 -2.07708 -0.0492807 0.0128874 -1.373 -1.02549 0.156857 0.188307 0.353629 -1.94887 0.564769 0.268704 -1.56966 -8.59829 -0.119502 -1.2733 0.152826 -1.85531 0.428488 -1.06249 0.0924292 -0.169493 -0.810394 -0.572309 -1.27957 0 0 
0 -0.130201 0.43819 -0.0448896 0.00182638 0.0403001 0.0582087 0.485211 0.0774002 0.557188 0.518782 0.0310569 0.110791 -0.192256 -0.463258 0.3104 -0.600062 0.48307 -0.212586 -0.187105 -0.132259 0.0654379 -0.331713 -0.355675 0.581115 -0.39693 0.586078 -1.46281 0.743992 -1.01664 0.833494 -0.544405 0.444256 0.586555 0.267498 0.000400033 -0.54268 0.845161 -0.922446 0.881036 -0.727727 0.292169 -0.195314 1.53933 0.449335 2.74408 1.1897 1.25538 -0.257375 -0.322802 0.333045 0.365674 -0.743187 0.203057 -0.136016 0 
0 0.920687 0.420783 0.464475 0.0672978 0.699672 -0.294698 0.231721 0.233475 -0.22391 0.395054 -0.276697 -0.241443 0.371793 -0.723528 -0.0421451 -0.320104 0.791233 0.970991 -1.77119 0.237339 0.918956 -0.643259 0.201993 -0.364383 0.687118 -0.104254 -0.827397 -0.605633 -0.463284 0.775673 0.697134 -0.214168 0.457678 -0.458225 1.00172 -1.73393 -0.389082 -0.856339 -0.357256 0.857949 1.16921 0.0364079 0.602649 0.542732 2.17399 -0.120641 1.54386 0.0706219 0.634165 0.0682204 1.12093 0.920522 1.96374 0.494373 0 
0 -0.651159 -0.912754 -0.272594 -0.560932 -0.374241 -0.301151 -0.41671 -0.0662346 -0.122628 -0.0471811 -0.100677 -1.46655 0.076286 -0.0680546 -1.90194 -0.484061 -1.69994 -0.0780118 -1.72043 -0.372587 -1.44643 0.0181915 -0.707682 0.0419482 -1.16766 -0.715907 -0.805869 1.14316 -2.58152 -1.53768 -0.888614 -1.70524 -0.690413 -1.7908 1.29572 0.32394 0.011211 0.339091 0.107207 -1.98698 0.554804 -0.375709 -1.09292 -0.787396 -2.71141 -0.58607 -0.992958 -0.36552 0.408493 0.600887 -1.22804 1.10731 -0.530099 0.448918 0 
0 0 0 0 0 0 0 0 0 0 0 0 0 0 0 0 0 0 0 0 0 0 0 0 0 0 0 0 0 0 0 0 0 0 0 0 0 0 0 0 0 0 0 0 0 0 0 0 0 0 0 0 0 0 0 0 
0 0.233788 0.0893774 0.204378 -0.578301 0.216261 -0.904516 -0.0199594 -0.502049 -0.377009 0.230316 -0.0209283 -0.653404 1.10354 0.0822341 1.62423 0.354866 -0.126269 1.67784 -0.542144 0.329051 -0.701752 -0.0230484 0.461617 -0.329266 2.36051 0.081947 -0.711541 1.00694 2.10257 -0.150271 2.26151 -1.13385 0.535486 -1.55093 0.991819 2.02469 -0.218269 1.67701 -0.325023 0.978359 0.274089 0.231087 -0.293721 -0.160377 0.351528 -1.33026 0.967301 -1.53197 0.759062 -0.762643 1.07457 0.922293 1.34083 0 0 
0 -0.147351 0.276035 -0.578328 -0.498662 -0.621586 0.418922 0.0219971 0.434962 -0.0556056 0.122755 -0.0698394 0.293708 -0.485434 -0.0625734 -0.304038 -1.01872 -0.307988 -0.643785 1.42296 0.158586 -0.367587 -0.089389 0.184911 0.135766 0.607786 -0.682656 0.780239 -0.681836 -0.964555 -0.882864 -1.11446 -0.22577 -0.681773 0.466437 0.502293 -1.06251 0.813632 -0.060939 1.01769 0.940572 -0.739316 -0.0790094 0.416045 0.385782 1.08906 -0.567483 0.961359 1.70892 0.95936 1.1486 0.49377 -0.494195 0.0393781 0 0 
0 0 0.502738 0.147222 0.380622 0.301594 -0.173735 0.0901701 -0.999279 0.113123 -0.713334 0.00347525 -0.565557 -0.773033 -0.680522 -0.546714 -1.97865 0.964744 0.201086 -1.69612 0.183652 -0.66509 -0.303762 -1.27445 -0.0482687 -1.39682 -0.432091 -0.671863 -1.28367 -0.172192 -0.323152 0.378252 0.321974 0.15459 0.455741 1.8414 -1.34779 -0.335213 -0.809377 0.562601 -0.0861993 -1.66093 0.336661 1.93997 0.670735 2.49193 -0.058578 3.27159 -1.1993 0.771619 -0.467694 0.0968276 -1.14235 -0.396384 0.0904834 0 
0 -0.157514 -0.688748 -0.0321496 -0.536471 0.0669586 -0.359831 -0.221395 -0.232196 0.290938 0.322944 -0.639939 0.808328 0.28145 -0.238235 -1.59637 -1.50898 0.0205987 1.09318 -0.0662976 0.999979 0.114802 -0.921091 1.08563 -0.0823278 1.46536 -0.407802 0.283041 2.08161 -0.226605 0.859423 -0.219091 0.47061 -0.338739 0.92626 1.59848 2.85342 -0.0362779 0.0621342 1.04066 1.49478 -1.37035 -0.550221 -0.417197 -2.27908 2.2524 -1.03987 0.642231 1.03946 0.234474 1.13018 -0.43444 0.39519 0.259445 0 0 
0 -2.72842 -0.101553 -12.5512 0.599898 0.847137 0.450819 0.538015 -0.451209 0.56029 -0.0187077 -0.509812 0.576955 -0.326737 -2.16191 -0.187806 -3.1353 -0.566225 -1.40513 1.44123 -1.11193 0.349909 -0.912567 -1.15943 0.387993 -0.324675 -1.86032 -1.56029 0.197335 -3.41768 0.183624 -14.8003 1.45139 1.06279 0.945872 -1.59955 -0.445118 1.15878 -0.685497 0.186728 -0.102086 -0.327459 -0.902363 1.53589 -0.960713 1.07586 0.603987 3.45087 -1.98425 -0.839491 -0.822583 -0.309667 0.466155 1.22072 -0.155574 0 
0 -2.69295 1.60627 0.185591 0.348432 0.663875 -0.309526 0.0741706 -0.391242 -0.0423504 -1.14097 0.632839 -0.631547 1.11828 -2.63807 2.4692 -10.4893 -0.0152471 1.24383 -0.83294 0.0644985 -0.668945 -0.212198 -0.228757 -0.313765 -0.255811 1.14525 -2.51574 2.24996 -3.05445 2.57619 -0.964676 0.902537 -0.254168 0.547164 -2.11027 0.411754 -0.581804 -0.557113 0.403738 -0.500096 0.391218 -2.05922 0.32962 -10.4893 1.90459 -0.621466 2.21311 -2.20371 0.489694 -0.14255 0.685962 1.09275 1.03717 0.23169 0 
0 0 0.643725 -0.200449 0.300744 0.672928 0.216295 0.636448 0.782302 0.306546 1.2015 1.88786 1.04135 1.83728 1.14637 0.603563 0.986839 -1.01282 0.994768 -0.577809 0.244721 0.279955 0.47855 1.15206 0.774127 0.904966 1.02625 0.878419 -0.0734035 -0.0795746 -0.825607 -2.33692 -0.0991609 -1.20745 -0.879272 0.627762 -0.990799 0.439165 1.74715 1.21849 1.63764 1.32711 1.14114 -1.67655 -0.138012 0.153254 0.738781 2.9385 -0.170583 0.374628 1.06035 0.8537 1.84856 -0.383286 -0.0351344 0 
0 0 0.420359 0.128277 0.474782 0.467446 0.137485 0.438809 -0.179378 0.517167 0.259376 0.463403 0.747984 0.437159 -0.133914 0.594921 0.66652 -0.0701436 1.44811 1.15456 1.58302 -0.88878 -0.334651 -0.584414 -0.0281823 -0.43988 0.754698 -0.347889 0.135831 -0.585446 -0.896048 -0.332758 0.917541 -0.381816 -0.0584618 1.63058 1.18862 0.13129 -0.347601 -0.196624 -0.181134 0.241167 -0.754818 -0.327866 -0.255716 -0.289572 -0.0965733 -3.02289 2.30419 -0.950695 1.11239 -0.12659 0.437993 -0.461738 0.587499 0 
0 0 0.692077 0.106438 0.519655 -0.398929 -0.0420868 0.431896 -0.461034 -0.307695 -0.901942 -0.0278779 -0.558863 -0.835116 -1.07703 0.0743279 -0.512517 -0.632107 -0.819337 -1.28891 -1.65376 -0.739845 1.35516 -2.0012 0.497703 -0.217973 -0.519529 0.650017 1.19344 0.676407 1.50403 0.638963 0.324601 0.5243 0.203183 -0.0980412 -2.56188 0.953042 -0.164127 0.961742 -0.168158 0.733905 0.986423 0.595008 0.246101 1.89748 1.59626 3.2322 -1.80846 1.21049 0.486763 0.711283 1.12122 0.377155 -0.301203 0 
0 0 -0.0605713 0.70802 -0.107696 0.341664 0.586333 0.40554 0.43193 -0.113243 0.487075 -0.0250133 0.124277 0.104998 0.407331 0.774213 1.03854 0.407147 -0.58223 -0.435604 0.68791 0.311049 -1.01525 1.28595 0.627236 0.801067 0.976261 -0.606017 -1.03411 1.80973 1.77438 0.570299 -0.460903 0.310788 0.542611 0.0259075 2.4955 -0.555675 0.149072 0.936021 0.324239 1.36637 0.545067 0.358986 -0.903199 -1.62998 -1.73856 1.44431 -2.26808 1.01513 0.268527 1.23649 1.3949 -0.848127 0.546574 0 
0 0 -0.0624866 -0.217646 -0.377905 -9.62143 -0.251295 -0.037367 -0.303412 0.0518966 0.0260151 -0.610673 0.476359 -0.726899 0.0944064 0.123502 0.220723 0.219411 -0.356954 -0.124733 0.972768 0.692435 -0.54926 0.86254 0.0246369 0.229262 -0.629946 -0.464867 1.97254 -0.288556 -0.455217 0.166652 -0.210625 -11.5874 -1.02316 2.01186 0.0140622 0.764902 -1.06129 0.52167 -0.844329 -0.180898 -0.295582 -0.511897 -0.123176 0.829068 0.922013 -1.07843 2.44389 1.34264 -0.457241 -0.248981 0.884358 -1.35075 0.232026 0 
0 0 -0.478295 -0.142294 0.194757 -0.643053 -0.110476 -0.313688 0.527756 0.256647 -0.449943 0.960469 -0.459849 -0.0560558 -1.02052 0.125252 -0.625988 0.456392 -1.09506 0.873623 -0.435495 0.337128 0.663175 -1.61196 0.981757 -1.59343 1.41042 -0.415828 -1.02052 1.11643 0.0216105 0.138181 0.679623 1.202 1.33461 -1.33564 2.33288 0.24448 0.623529 1.31266 -0.591292 -0.836649 -0.515041 -0.622851 0.836079 1.22889 -0.797698 0.403808 -1.39903 -0.538938 -1.61433 0.202867 -0.803838 0.107957 -0.0445105 0 
0 -0.377961 0.325033 0.145038 0.287381 -0.0332251 -0.797346 -0.273099 0.0441855 -0.259661 -0.0933142 -0.262619 0.232009 -0.667457 0.411631 0.691696 -1.26002 1.50834 0.522748 -1.18393 -0.191963 -0.125318 -0.102417 -0.102478 -0.628438 0.596312 0.550597 1.33411 1.4515 -1.88849 0.906874 -1.19741 -0.692595 -0.571032 -1.43271 -0.801191 -0.697033 -0.172279 0.0692279 0.145214 -0.202203 0.826063 0.575396 -0.0249126 -2.30139 1.18519 -2.48055 2.03147 -0.666977 -0.985188 -0.281479 0.388334 1.73578 -0.593626 0 0 
0 0.852333 -0.710873 0.0341405 -0.546548 0.0277652 -0.410762 -0.0260329 -0.597596 -0.611352 -1.52063 0.510902 -1.72783 -0.432489 0.434657 0.466011 0.356299 -2.14528 -1.19486 -1.42047 -0.747423 -1.44968 0.707277 -11.9041 0.82112 -5.81932 0.269977 -0.77256 2.14639 2.78302 0.950664 0.343804 -0.900629 -0.461696 -0.376574 -0.532518 0.16122 -0.32622 -0.263857 0.687002 -2.20311 0.0502894 2.14451 0.33168 0.11155 -1.41622 -0.0447449 1.26047 -1.9068 -0.0069918 -0.448988 -11.4731 0.640506 -0.832676 0 0 
0 0.171121 0.268666 -0.0198754 0.63552 0.558755 1.19315 0.551772 0.689763 -0.556086 1.52692 0.157667 -0.668448 1.55358 1.32038 -3.09256 -0.779145 1.81339 -0.0609673 -0.17193 0.488452 1.70751 0.786029 -1.02624 0.86909 0.884474 -0.682224 -0.956811 -0.371111 -0.500488 2.70363 -0.364221 0.249632 1.71423 2.58349 -1.45491 0.404799 0.711038 2.15041 -1.87969 -0.379562 1.67875 -0.319454 -2.93021 -0.85781 0.112892 -1.24941 -1.43292 -0.0433962 0.371819 0.24131 -1.23199 0.402377 1.13756 0 0 
0 0 0 0 0 0 0 0 0 0 0 0 0 0 0 0 0 0 0 0 0 0 0 0 0 0 0 0 0 0 0 0 0 0 0 0 0 0 0 0 0 0 0 0 0 0 0 0 0 0 0 0 0 0 0 0 
0 0.38839 0.000855893 0.0588101 -0.304016 -0.634969 -0.478103 -0.580999 -0.180618 -0.0432702 -0.401154 0.0143989 -1.11317 1.28318 0.793289 0.150817 1.09693 -0.549883 0.0781059 0.242153 -1.35262 0.256554 0.462878 0.39131 -0.039148 -0.315954 1.30458 -0.750093 1.10607 1.15103 0.485166 1.96531 0.358805 1.55155 0.452715 2.04613 -0.912273 1.22254 -0.732162 0.619997 -0.283806 2.43967 0.410812 0.808237 0.587088 0.383279 0.311982 1.30651 -1.57841 0.876209 0.614141 0.635403 0.177777 -0.611627 0 0 
0 -0.640479 -0.383802 -0.727427 0.122901 -0.0217023 -0.0347502 -0.0656937 0.401318 0.0122867 0.448799 -0.128463 -0.054334 -0.290509 -0.646782 -0.376951 -1.65971 -0.60831 -1.04329 -0.157038 -0.490513 -0.369262 -0.0689757 -0.610082 -0.181243 0.11499 0.897685 0.731735 -0.919834 -1.05697 -1.25229 -1.51371 -0.21581 -0.619886 -0.273383 -0.153414 -1.52337 0.676383 1.04724 1.24335 -1.03236 -1.23764 -1.17492 -0.975723 -2.23003 -0.358563 -0.745551 0.492195 -0.104051 -0.423764 1.03918 -0.229689 0.237622 -0.718063 0 0 
0 0.913669 -0.377607 -0.102259 -0.148358 -0.220833 -0.474475 -1.02037 -0.251263 0.24161 -1.32888 0.207972 -1.2067 0.365361 -1.20083 0.486445 -0.261506 0.315772 -0.566932 3.02997 -0.45056 1.59309 0.318773 0.0210158 1.73614 -0.489896 1.56892 -2.06907 -0.769092 0.435003 -0.806282 0.29251 0.63409 -0.103314 0.785714 -1.4036 2.00678 -0.0664856 -0.316514 -0.492774 -1.8074 0.185742 -1.12702 1.26598 0.456843 1.11996 -2.12633 1.33101 -1.19179 0.0761583 -0.499307 -0.96394 -1.01885 -0.087573 0 0 
0 -72.084 -1.17611 -20.9687 -2.31152 -18.2056 -1.49458 -2.18182 0.218935 -0.776101 0.513413 0.394475 0.773777 -0.110025 -18.1521 -1.7877 -82.8334 -7.78175 -26.0827 -1.94331 -31.9607 -0.816085 -0.85565 1.09215 -10.2154 1.00696 -0.0270884 -0.562389 0.00963994 -82.7786 -8.86484 -22.8528 -9.80834 -17.9144 -0.666997 -3.99431 -0.777382 0.343378 1.33155 1.72959 0.355746 -0.0807365 -18.1521 -1.02697 -82.8334 -10.2093 -26.0827 -1.44046 -31.9607 -0.0249857 0.47544 0.371316 -1.47042 -0.676502 0.612737 0 
0 0 0.25384 0.686893 -0.0852738 -0.588537 -0.178023 -0.947785 -0.315361 -1.15529 -0.0546268 -1.43931 0.571943 -2.46906 1.23251 0.348886 0.899724 -0.149245 0.209554 0.561325 -2.84487 -1.10301 -2.2262 -0.679666 -2.21013 -0.677859 -3.05268 2.15105 -2.21831 1.06571 -1.95006 2.02548 -0.113404 -2.52761 -0.504394 -2.74508 -0.160155 -1.39773 0.55465 -2.99954 0.393658 -1.79492 1.74391 -0.756756 2.48161 0.795518 -0.53181 -0.111541 -0.652647 -0.34321 -0.663349 0.796769 -0.0204701 0.176932 -0.997047 0 
0 0 0.0665456 -0.517432 -0.148155 -0.151529 0.306051 0.35067 0.0147447 0.690071 0.505986 0.216342 -0.248424 1.15934 -0.783602 0.285355 -1.15162 1.06434 -0.190615 1.66152 -1.17293 1.34611 0.214786 -0.529534 1.48678 0.311691 0.390746 0.133867 2.03148 -0.788255 1.94579 -0.395464 1.25316 0.442058 0.187136 -0.204536 -0.439284 0.287509 -0.636406 -0.586222 -0.0997392 -0.820412 -1.56062 1.01548 -0.982228 -0.0916474 1.17532 0.294814 0.788137 -0.311468 0.796414 -1.02282 0.133443 -0.354523 0.308402 0 
0 0 0.484213 0.425622 0.465365 0.274127 0.169351 0.770048 -0.26444 0.974931 -1.22304 0.336352 -0.35693 0.0457132 -0.776272 0.567451 -0.034223 0.457468 -1.33851 1.14281 1.28153 1.23361 0.0391851 -1.91367 0.267316 -1.21822 0.165446 -0.445102 1.62372 1.40045 0.0594721 1.31735 0.719741 0.599055 0.745304 -0.86117 0.558503 -0.0248935 -0.0680174 -0.512864 -0.915362 0.173101 0.0524782 -0.192431 0.416948 0.0538995 -0.884389 2.16244 0.844562 -0.0185818 -0.121775 0.535348 -0.623989 0.637249 -0.493729 0 
0 0 0.0763733 0.96352 0.231376 -0.130416 0.110017 0.163076 -0.0845171 -0.256887 -0.0451996 -0.419741 -0.0764709 0.575234 0.860546 0.670122 1.02292 0.500766 -0.272627 0.670423 -1.11193 -0.302631 0.132945 -0.437713 0.235337 1.0441 -0.621127 0.964022 -0.949404 0.699814 1.74586 1.9962 -0.00943766 -0.817751 0.245898 -1.4893 1.3919 -0.353177 -0.177471 0.620124 0.908262 1.13273 0.361782 0.677162 0.360181 -1.90344 -0.620175 -0.90772 -0.198976 -0.291658 -0.0101349 0.489603 0.905174 1.05911 1.44397 0 
0 0 -0.646938 0.230393 -1.12335 0.616295 -0.383517 0.352875 0.263158 0.260606 0.223362 1.04564 0.404256 0.680487 -0.654917 -0.546247 -0.62954 -1.9899 -0.49297 -1.69361 0.0894338 0.705051 0.445726 -0.821147 -0.626121 -0.514165 -0.0673902 -1.41447 0.560824 -0.722604 -1.75752 -0.93493 -3.10119 0.995549 -0.672673 0.160315 -1.76547 0.942833 -0.725726 0.549371 -0.268092 1.2232 -0.122476 -1.58689 -0.481637 -0.190015 0.251604 -0.637006 -0.357854 -0.507687 1.14379 -2.21631 0.546305 -0.841184 0.700458 0 
0 -2.76432 0.515244 -0.340187 -0.205557 -0.251056 -0.839584 0.30525 -0.575333 -1.51403 -0.137439 -1.7059 -0.485076 -2.00209 -1.46836 2.52431 -0.684339 0.192062 -0.559057 0.0710966 0.0628077 -0.197816 -0.805636 -0.670142 -1.86751 0.25112 -3.69363 -1.57597 -2.52188 -3.15278 1.95883 -0.430057 0.570816 -0.452194 -2.82983 1.22157 -1.75753 -0.381652 0.125984 -0.859205 -1.72816 -2.27706 -2.86439 1.31221 -3.46968 -0.645926 -3.48928 -0.800756 -1.39135 1.13361 0.262859 1.38851 0.569273 0.590367 0.329725 0 
0 0 -0.45496 -0.299406 -0.190052 -1.02921 -0.218759 -0.334022 0.140736 -0.402745 0.316388 0.0876529 0.364487 -0.186053 1.04239 0.0792594 -0.615981 -0.577128 -0.887514 -0.200891 -0.0302413 -0.371323 0.812941 0.91766 0.127306 0.420698 0.754181 1.54428 1.61601 -0.934246 0.295291 -0.762504 -0.747434 -1.2501 0.584266 0.169696 -1.67634 1.01158 0.247233 1.88642 -0.375207 0.784739 0.230375 -0.576586 -0.00657422 1.15909 -0.868386 3.74888 0.387045 0.539917 1.43295 0.616494 0.222958 -0.175101 0.709609 0 
0 0 0.55613 0.63974 0.700396 0.401223 0.78206 0.476937 0.648233 0.440503 -0.047413 1.20534 -0.922082 1.27146 -0.407329 1.18448 -0.740338 0.990681 -0.413582 0.674279 0.388844 0.737035 1.26377 -0.305586 1.10314 -0.597701 0.102652 0.294462 -0.863702 0.22046 1.31494 0.576418 0.766362 0.083799 1.15987 -0.468051 -0.513311 -0.142949 0.887455 1.09548 -0.881183 0.407246 -0.962851 -1.08484 -0.238626 -0.28502 -1.83394 1.13635 -1.65177 -0.388739 0.167044 0.321702 -1.1698 -0.0302389 0.302035 0 
0 0 0.867531 -0.124327 1.37905 1.02977 -0.138117 -0.0688298 -0.158501 0.178653 -0.17263 0.863637 0.0831566 1.08021 -0.404769 0.99003 1.67824 1.22798 0.45269 1.28985 -0.562503 -0.203701 0.290473 -0.553728 0.509945 0.850884 1.32725 0.326195 1.77812 0.570191 -0.934186 0.779322 1.19862 0.881348 -0.614857 0.511405 -1.21144 0.336549 0.166487 0.0745803 1.38242 1.20127 0.21105 -0.664318 1.90436 0.226474 -1.11804 -0.255453 -0.380409 -0.606407 -0.729993 0.0390013 1.87454 0.495923 0.639208 0 
0 0 -0.538662 -0.354628 -0.389303 -0.510874 -0.399977 -0.360776 0.328239 0.0375582 -0.108783 0.263726 0.3358 0.0955216 0.86433 -0.518094 -1.24405 -1.29504 -0.0509754 -0.825624 -0.53369 -0.479814 -1.08886 -0.478116 -0.0272629 0.599509 0.421263 1.56056 2.10861 0.505549 -1.18509 -0.513789 0.244528 -0.872852 -0.931726 -0.487362 1.44985 -0.766054 2.19976 0.363096 1.45812 0.123853 1.89148 0.399626 -0.531149 0.711593 -0.0444978 2.6217 -0.197223 0.521534 0.639909 0.636435 1.50126 1.04791 0.563994 0 
0 0 0.207905 0.461998 1.08835 0.43476 0.271567 2.00771 0.238909 0.713199 -0.0448844 0.428603 -0.42835 1.30331 0.112762 2.11428 -0.058917 0.62031 0.272053 2.83314 0.312622 0.736757 0.0204752 0.381555 -0.587944 0.073042 0.880852 0.0924919 0.902876 -0.692945 1.10494 -0.0634267 -0.0207623 -0.233497 -0.414853 2.35348 -0.345718 -0.167485 -0.0114282 -0.935478 0.0309625 -0.144319 -0.00416512 0.748789 -0.481225 0.205831 -0.457742 1.27044 0.981053 -1.417 -0.376564 -0.436771 -0.337178 0.842357 -0.157153 0 
0 0 0 0 0 0 0 0 0 0 0 0 0 0 0 0 0 0 0 0 0 0 0 0 0 0 0 0 0 0 0 0 0 0 0 0 0 0 0 0 0 0 0 0 0 0 0 0 0 0 0 0 0 0 0 0 
0 0 -0.169341 0.144852 -0.681528 -0.208373 -0.740434 -0.614284 -0.161459 -0.324271 -0.149423 0.139158 0.43175 0.671964 0.412734 0.823355 0.275531 -0.667196 -0.876778 0.0295013 -0.512763 -0.523507 0.711808 0.686018 -0.596235 1.15741 -0.299777 1.71324 0.646154 -0.859086 0.191904 0.587825 -0.950045 0.139029 -0.507838 -1.27491 0.869364 -0.575932 0.358081 -0.68537 1.0716 0.786832 -0.51423 0.553227 -1.62429 1.00448 -1.19794 1.9588 -2.18721 1.35363 0.835226 1.4434 1.8155 0.293556 0.517903 0 
0 -0.394645 0.114374 -0.35012 -0.115709 -0.526074 -0.0931947 0.0205543 0.00962525 0.395665 -0.289411 -0.446258 0.0689366 0.139877 -1.20931 -1.00549 -0.153496 -0.0973478 -1.56886 1.40646 -0.505545 0.806117 -0.629572 0.814074 -1.09445 -0.45627 0.0104175 -0.728849 -1.83859 1.07335 0.634992 -0.582315 0.36719 0.314586 -0.365928 0.15162 -0.343603 0.363205 -1.27147 0.6786 0.464241 1.37578 -0.484573 0.18189 0.295574 0.910795 0.935382 0.837348 0.155327 0.411149 0.539597 -0.277378 -0.266346 -0.722023 0 0 
0 0 -0.0379537 -0.102347 1.00592 0.475236 0.831998 0.529909 -2.62243 0.897581 -1.71723 0.0658095 -1.24506 -0.746554 -0.55484 0.637592 -0.611212 1.21404 -0.946359 0.423468 0.376925 -0.826438 0.287365 -10.4315 1.19194 -0.218113 -0.406319 -1.4864 0.560316 0.154411 -1.40895 1.19863 1.97115 -0.389345 1.06458 2.01613 -4.93324 1.42651 -0.69859 -0.243806 -0.215416 -0.935499 0.43457 -0.508267 1.15618 1.38505 -1.80254 0.876997 -1.42453 1.59278 -1.13334 -2.21793 -0.721349 1.12633 -0.0397855 0 
0 0 0.680619 0.496052 0.0216815 -0.0962679 -0.745177 -0.370476 -0.911078 0.275924 -0.610428 -1.50269 -0.0850933 0.259694 -0.383376 1.27515 -0.952919 1.33861 -0.928154 0.806739 -0.818936 0.960783 0.0867283 -0.44922 -0.689947 1.20836 1.18203 -0.721239 0.681619 -0.212363 -1.55979 0.586147 -0.448463 0.281998 -1.0529 -0.702187 -1.29464 -0.774097 -0.467592 -0.0271377 -0.240542 -0.200097 -0.572489 -1.08239 -0.848867 0.564663 -0.882311 2.02408 -1.40789 -0.42804 0.165319 0.823846 0.428355 0.73536 0.975839 0 
0 0 -0.160705 -0.418822 0.119547 0.0077612 0.136418 0.203528 0.360342 0.339998 1.0211 0.328346 1.03473 0.614105 1.06067 -0.103192 0.0361057 -0.15187 -1.4944 1.34033 -1.18302 0.788226 0.257318 1.17991 0.292592 0.455172 1.93962 0.773051 1.21272 -0.960676 0.342827 -1.59142 0.916563 -1.19734 0.746585 0.356964 1.71806 0.357466 1.51344 0.284546 0.204409 1.03106 1.19391 -0.424416 -0.742905 -0.848777 -1.4178 -3.8792 0.63423 0.820709 1.48905 0.333457 1.59327 -1.70144 0.858007 0 
0 0 -0.0758351 0.0528022 -1.59762 -0.0763208 0.282161 0.181034 0.998187 0.841504 -0.106962 0.705538 0.0175078 1.09228 -1.85579 0.532303 0.462595 -0.300439 -0.152612 1.96086 0.327953 1.32199 2.33271 -1.86797 1.10916 -1.48515 0.0766177 0.178481 0.16233 -0.697804 1.70163 1.13751 -4.70203 1.70506 0.393231 2.62569 2.01769 1.44565 -0.0321532 0.671837 0.387173 0.388786 -0.471159 2.15666 0.895814 0.94499 0.309694 0.831398 -0.727064 0.0981076 -0.0249812 -0.847529 -1.13986 -0.499266 -0.0132393 0 
0 0 0.0251062 0.806926 -0.365254 0.434228 -0.73471 -0.489253 -1.08879 -0.586061 -0.36651 -0.870258 0.498167 0.55514 1.11141 1.38978 1.13053 -1.83792 2.23211 -1.74879 0.96474 -1.80547 -0.0218322 0.268992 -1.69548 1.0737 1.01884 -0.415363 -0.337118 1.109 -1.74428 0.95553 -0.905175 1.32953 -1.56441 1.08673 -2.58652 -0.0104436 -0.410952 0.65849 0.765923 3.06189 0.524493 1.03814 -2.70674 -0.476837 -1.0684 4.74997 -2.43249 0.723119 -0.26244 2.02465 1.44985 1.06006 0.303606 0 
0 -0.239298 -0.226432 -0.564973 -0.470207 -0.00563944 -1.14068 0.302438 0.863306 -0.163221 0.108154 -0.77498 -1.01028 0.122218 -2.43883 0.781058 -1.06823 -0.0519171 0.199414 -2.63366 -0.139857 0.918458 -1.76469 -0.186797 -0.485992 -2.09066 -0.834457 -3.4983 -1.54718 -2.47564 -2.15733 -1.32974 -1.6049 -0.0729355 -2.81191 0.972781 2.93168 -1.79011 0.962422 -3.13508 -3.03823 -1.80377 -2.8121 0.394648 -1.08959 -0.130758 -1.06481 -6.36509 0.533718 -0.534075 -1.04129 0.66245 -6.11823 -1.50225 0 -2.8367 
0 0.18832 -0.179281 0.0664682 -0.00055978 -0.060151 -0.690289 -0.829362 0.394011 -1.11017 0.419617 -42.0618 -2.26273 0.617178 -0.0368507 -0.923585 2.05408 -1.30447 1.61165 -2.25762 0.749425 -0.136426 -0.751506 0.599167 -25.6563 -2.59696 -52.7155 -0.929415 0.34741 1.30366 -0.579588 0.143456 0.102133 1.43519 0.66899 -1.48107 2.2003 -2.96541 -0.602357 -42.0618 -1.82166 3.03851 -1.53032 -0.196057 -1.86935 -1.49718 -3.90149 0.303136 -0.104353 1.05855 -1.27242 -0.127397 -25.0045 -1.25218 -45.9124 0 
0 0.17533 0.0177403 -0.0860443 -0.554673 -0.473447 0.595522 0.85102 0.913168 1.03956 0.246895 0.756214 0.745803 0.303878 0.300923 1.18455 -0.772535 -0.92379 -0.401117 1.89589 0.0449867 0.538347 1.44157 0.514955 0.55252 0.211966 1.28492 -1.00085 1.92707 -1.48012 1.82279 0.862563 -0.0717726 -0.447919 -0.300973 -0.172968 0.973762 1.43611 1.17093 1.611 0.0908685 0.103816 -0.954568 -0.752018 -1.28593 -0.825805 0.376095 -0.455131 -0.758632 0.41416 0.858628 0.331766 0.781019 -0.179232 0 0 
0 -0.416313 0.183477 -0.274494 0.296608 0.0221692 0.044363 0.243592 0.458438 -0.435725 1.11093 1.26285 0.0458157 1.39369 0.803609 0.253436 -0.1006 0.798387 0.365038 -0.878008 0.502125 1.10792 -0.304744 1.61101 -0.0934471 1.62189 2.66631 0.146076 0.0637029 1.11772 1.16523 0.660905 0.888064 0.655853 0.262059 -0.446673 -0.109091 0.704143 2.09282 1.45153 0.985786 1.58071 0.462888 0.822139 0.217206 1.988 1.85487 4.10029 1.95696 0.604518 1.45693 0.887755 1.33372 -0.126516 0 0 
0 0 -0.506036 -0.294894 -0.327572 -0.15164 0.347791 0.0339478 1.30627 1.1233 1.96079 0.25098 0.211836 0.813996 -0.198396 -0.0381978 -0.419239 0.263032 0.446148 0.969615 -0.732593 0.862151 -1.40131 1.28856 0.683239 -0.151766 0.192232 -1.00923 -1.49699 -0.474335 0.333484 -0.438118 0.198603 0.382255 -1.08897 -1.26393 0.729063 -0.147105 1.16735 -0.440482 -0.465436 -1.19302 -0.932638 0.240525 0.0913272 -0.975727 -0.909544 0.192034 1.52412 0.0467092 0.101902 -0.374072 -1.49128 -0.650079 -0.206671 0 
0 0 -0.043832 0.130697 -0.983653 0.279168 0.259689 -0.233794 -1.92483 -0.301431 -1.32947 0.546804 -0.825424 0.696381 0.262723 0.272029 0.0367684 -1.04744 0.451637 -0.79441 0.207607 -2.87545 0.76329 -2.28996 -0.747515 -2.16327 0.279827 -0.96564 -0.288907 1.89643 -0.0345142 0.152627 -1.3363 0.50902 -0.655937 1.05157 -3.64886 -0.546283 -2.28238 -0.573212 -0.518752 -1.1895 0.954187 -0.974459 0.730164 0.578004 0.607455 -0.11275 -1.35268 -1.23589 -1.12089 -0.96718 -2.09884 -1.0178 0.152945 0 
0 0.477092 0.66946 0.0286301 0.681933 0.058591 0.848439 -0.114499 -0.735818 0.223495 -0.782738 0.403103 -0.400463 0.787866 -0.661103 0.477213 -0.41634 1.362 1.44997 2.40238 -0.480723 0.672682 -0.297428 -1.30387 -2.10599 -0.507636 -0.965495 0.3811 -1.91175 0.329938 1.88209 -0.103498 0.760306 2.04399 0.317441 -0.868435 -3.34526 -0.476435 -3.74577 -1.38788 -0.117759 0.537252 -0.195866 -0.191678 0.0914597 0.453421 -0.154757 2.18539 -1.58407 -1.38008 -2.34824 -1.29988 -3.36796 1.04258 0 0 
0 0.496855 -0.302711 -0.032148 -0.430801 -0.0602772 0.0355189 -0.359029 0.0326885 -0.481673 -0.356578 0.691377 -0.508128 0.446119 -0.496179 0.59664 1.26507 -0.308801 1.14611 -1.38275 0.105112 -0.0167598 -0.254358 -0.426956 0.263923 0.567319 1.20817 -0.594092 1.82899 -0.949293 0.429918 -0.276261 -0.0127039 -0.713309 1.34969 1.41485 -0.545769 0.00816509 0.547882 1.58445 0.433462 0.0210207 -1.21673 0.777518 -0.501575 0.230166 -1.73888 -0.049657 -1.02712 0.293417 0.0489104 0.354504 1.30828 0.328304 0.339618 0 
0 0 0 0 0 0 0 0 0 0 0 0 0 0 0 0 0 0 0 0 0 0 0 0 0 0 0 0 0 0 0 0 0 0 0 0 0 0 0 0 0 0 0 0 0 0 0 0 0 0 0 0 0 0 0 0 
0 0.0214082 -0.0688452 0.365481 0.365135 0.0931021 0.888845 0.281848 0.0259331 0.255056 -0.350043 -0.0340057 0.209123 1.2766 0.674533 1.48076 -0.286833 0.528093 0.17436 0.976142 0.031308 -0.481564 0.39857 0.0123274 0.294028 -3.72472 0.906473 -1.05954 2.11998 0.560526 3.20809 1.53902 2.55439 1.81893 1.61377 -1.84246 -2.0794 -0.250872 0.13456 -1.63513 -0.373786 1.23607 0.956753 1.58647 0.850984 0.0873926 -1.48078 0.652113 -1.37812 -0.62212 -1.53765 -0.794463 -1.0638 -0.730653 0 0 
0 0.191909 0.138149 0.137812 -0.0326445 0.396262 -0.137184 -0.36084 -0.230359 -0.483169 0.626995 -0.550853 -0.441707 -0.538426 -0.260825 1.16005 0.166668 0.035293 0.314372 -2.17324 0.29293 0.0629525 -1.41563 0.35584 -0.676725 -0.150126 -0.952938 -0.811837 -1.79303 0.552015 0.633347 0.628292 -0.716526 0.939152 0.201478 0.212555 0.0891033 -0.504814 1.78938 0.147746 0.290743 -0.0259281 0.754851 -0.264601 2.03693 -0.138432 1.67566 -2.06337 1.30327 1.16506 -0.837647 1.01539 -0.210324 0.564748 0 0 
0 0 -0.128648 -0.800372 0.114937 -1.10933 0.105673 0.0657328 0.766599 0.216066 0.345104 -0.683571 -1.13703 0.337223 -1.41051 0.483525 -1.78495 -0.156495 -1.50005 -1.1878 -1.13597 0.460888 0.391041 0.468858 -0.50526 0.737532 -1.23722 -1.37395 0.238106 -0.662703 1.89506 -1.20007 0.839319 -1.19432 0.356724 -2.50646 2.41414 -0.199181 0.569646 -0.253812 -0.730751 -1.36704 -1.70276 0.465188 -1.4408 0.890347 -0.62222 2.89187 -1.30553 0.696909 0.210141 0.00471489 -0.726677 -0.7438 -0.644732 0 
0 0 0.891717 -0.0921722 0.161981 0.741429 -0.00275307 0.112222 -0.36796 0.0578782 0.00626399 -0.3924 0.284196 0.153365 -0.723426 0.387285 -0.396103 1.13707 -0.157802 0.377305 -0.200632 0.797 0.11482 0.55452 -0.557332 1.23489 -1.09314 0.59831 0.787956 -0.561527 -0.72266 -0.376732 1.21829 0.469225 0.822307 0.598915 -0.177705 -0.207437 2.24983 -0.164965 1.67388 0.548707 1.10196 0.0518459 0.0398918 0.0440168 -1.00737 0.615995 1.33442 -0.194626 -0.552052 0.20485 0.425028 0.529945 -0.168407 0 
0 0.195594 0.596493 0.347809 0.205889 0.524439 0.0126298 -0.0355374 0.102211 -0.30923 0.0930003 0.104751 -0.032127 0.230655 0.153185 1.00161 2.00941 0.947249 1.08829 -1.49187 0.267442 -2.04138 0.531644 0.54641 0.483695 -0.185762 0.346521 -0.0940083 1.89021 -0.194968 -0.215596 1.26796 -0.735438 -0.240063 -0.734633 -1.0926 -2.81732 -0.885874 0.134766 0.596433 1.12305 0.85184 0.539103 0.4799 1.28767 -0.108703 -0.200046 -2.12908 -2.11732 -1.08479 -0.186151 1.07851 1.03908 1.50907 0.94226 0 
0 -1.28355 -0.498866 0.0786639 -0.427654 -0.692631 -0.389105 -0.306872 -0.532441 -0.267734 -0.778237 -0.195528 -0.251638 -0.644376 -0.105552 -0.467966 -1.32805 0.203879 -0.770524 1.87755 -0.0838441 0.231784 1.16937 -2.49333 0.765185 -0.386904 -0.526774 0.0557358 -0.338915 0.0608998 0.264086 -1.14963 -0.172543 -0.985015 -0.24102 -1.31772 0.395538 -0.436645 -1.53885 0.395138 -0.957964 0.312943 -0.0903029 0.158371 -1.21287 1.01866 -0.541426 -0.79954 -1.37038 -2.17197 0.965179 -3.41378 2.03021 -1.24853 0 0 
0 -0.24624 0.382172 0.151086 0.160271 0.559878 -0.811875 -0.438769 -0.86499 -1.16677 -0.957205 -1.43582 -0.137048 -0.554986 -0.295144 0.544691 0.3308 0.646479 -0.417064 -2.05998 2.03327 -0.927502 -0.656589 -0.700542 -1.83081 -1.08773 -3.73283 -0.159661 -0.16547 -1.14597 0.252103 -0.752991 -0.497026 0.347176 -1.2823 1.47416 -0.369328 -0.960631 0.11424 -2.43614 0.581471 -1.00424 -0.0242787 -0.930934 -1.06744 1.00586 -0.559229 0.691831 0.518632 -0.906776 -1.13346 -0.679193 -1.47232 0.0465279 -3.27514 0 
0 0.177474 -0.102973 -0.500747 -0.294221 -0.211566 0.0241603 -0.0558831 -0.236399 -0.0434939 0.457928 -0.182388 0.815156 -0.804604 -0.368539 -1.51086 -0.714102 0.0326463 -2.66442 1.40219 -0.369932 1.08953 0.555434 -0.806305 -0.0681207 0.00178041 -0.284775 -0.902548 -1.62503 -1.08357 -0.150921 -2.15832 0.274895 -0.466721 -0.146211 0.42507 -0.752006 0.229407 -0.188357 -0.150236 1.31532 -1.22149 -1.14127 -0.0503406 -0.483303 -0.0266523 -0.0149396 -1.48738 1.63043 0.30354 0.493729 -1.92916 -0.242155 -3.15964 0 0 
0 0.120715 -0.047339 -0.0404294 0.809298 -0.109779 0.60441 -0.130633 -0.515729 0.0680724 0.591925 -0.941852 0.819566 -0.682942 0.494923 -1.60716 0.00917748 1.15614 -0.0932635 0.198676 1.00589 -0.756232 1.8961 0.104795 0.300823 0.182385 -1.77219 1.34806 -1.97465 0.994897 2.17977 -0.148602 1.54226 1.6701 -0.11905 -0.734262 -0.0548213 1.11077 -0.285163 -2.48236 0.301254 -0.575184 1.035 -0.928908 0.307996 1.15565 -0.369915 1.64621 0.666136 -0.493985 -0.134985 -0.139104 -0.914855 -1.14608 0.145641 0 
0 1.24223 -0.127748 0.658822 -0.385706 0.194149 -0.360558 0.301267 0.35028 0.521304 0.0807847 -0.17513 1.32518 1.11132 0.0569947 0.620344 0.283123 0.179233 -1.00548 -0.0794002 0.215634 0.139356 1.46965 0.545046 1.2858 -0.130173 -9.31659 -0.261201 0.85241 -1.49896 -0.140831 -1.05941 -2.91827 -0.38393 -1.84885 -0.102841 -1.10753 2.12846 -0.566392 -0.310341 -0.632223 0.145895 -2.21481 -1.05908 -2.76805 -0.451522 -3.86173 2.82345 0.0336215 1.36684 0.759576 1.02235 -0.0632512 -0.0475513 -8.08863 0 
0 0.0260374 -0.0323455 -0.236812 0.277429 0.03826 -0.457189 0.274915 0.0638182 -0.606664 -0.46633 -0.0327537 -0.915078 0.567166 -0.572978 0.391482 -1.45469 0.0925876 0.65573 -0.292059 0.344044 -0.751369 1.48761 -0.916348 -0.370456 0.0829 0.0647465 -0.0381643 0.11448 -1.32091 -0.348026 -0.155532 -0.620276 1.70857 0.88279 0.363234 -1.49166 0.760099 -1.21241 -0.106686 -0.339263 0.124139 -1.12506 -0.25718 -0.940846 0.287948 1.56022 0.601165 -0.826085 -0.846746 -0.773056 -2.23328 -1.45301 -0.252481 0 0 
0 0.691315 -70.0631 0.00691985 -0.593926 0.403943 0.678886 0.0189406 0.0599032 -0.958796 -0.754699 -0.288721 -0.065281 0.0967943 0.341489 -66.6808 0.246783 0.0877477 0.520098 1.41595 0.0369922 0.122926 -0.109739 -0.298801 -0.024971 0.178339 -1.18747 -0.739731 -1.06373 0.00415541 -76.0691 -0.352835 -0.843489 -0.52206 -0.769041 0.0154209 0.468333 -1.67945 -0.063986 -1.99482 0.884645 -1.01585 0.595504 -66.6808 0.813086 -1.42086 -1.54199 -1.91933 0.653621 -0.0739764 -0.63273 -0.350465 -0.49339 0.13456 0.574809 0 
-34.8688 -1.1359 0.281977 -1.26824 -0.392657 -0.414431 0.322927 -0.271958 0.616143 0.000226375 0.0570866 0.805059 0.148185 -2.29846 -0.937872 0.111469 0.466849 -1.07943 -0.417377 0.407334 -1.31388 -0.810845 -1.15117 -2.52903 0.104032 -0.579843 0.132569 2.02252 -39.9378 -1.82694 0.0122328 -2.77452 0.885468 0.238846 1.03462 0.89525 -1.32146 1.92747 -1.42277 0.381621 -2.49692 -0.0719456 -1.21182 -0.6845 -1.50917 -0.811381 -2.72261 1.88942 -1.19127 -0.622705 -0.268237 -2.01284 0.14066 -1.32444 0 0 
0 -0.145121 -0.00981286 -0.188831 0.21347 0.537004 0.57355 0.0166857 0.19999 1.63764 1.22801 0.255606 -0.355286 0.186103 -0.0438705 -1.26034 -0.708672 1.14784 -0.10714 0.29713 0.0909226 1.70613 0.680457 2.38725 0.187739 -0.0510291 -0.589104 -1.55956 -1.17462 0.453305 0.958338 0.320979 1.33677 0.0670321 1.49283 1.3692 0.340169 2.03763 1.77223 -0.222537 -0.345045 -0.722668 -0.176708 0.389716 0.612511 1.392 0.307028 2.81795 0.0299782 0.703852 0.871314 0.506117 -0.903437 -1.13714 0 0 
0 0.201812 -0.299409 -0.171823 0.38501 0.236792 0.324782 0.38632 0.248009 0.654005 0.68575 0.252958 -0.597542 0.504967 -1.18223 0.456282 -0.390887 0.549907 1.05711 -0.298376 1.42069 0.449831 1.07333 0.815456 0.891601 0.0722571 -0.122576 -1.83671 0.167691 -1.16476 -0.579969 -0.8992 -1.00863 -0.881435 -0.849614 0.160862 0.229035 -0.665552 -0.860793 -1.31109 -1.69103 -0.444053 -1.37279 0.730144 0.291958 -0.793458 -1.27107 -0.904333 1.57528 -2.5195 -0.41161 -1.27643 -1.56455 -1.83262 0 0 
