0  0  
0.1910059744  0.1910059744  
0.3273812816  0.2934500602  
0.2022116475  0.17058255  
0.311308757  0.1484523557  
0.2224642562  0.2663707365  
0.284413725  0.2804959545  
0.3542018132  0.1183578891  
0.1920526309  0.3521071851  
0.2424006949  0.1320416014  
0.3010054355  0.2585931262  
0.3581428109  0.1886158612  
0.3509514106  0.1373703236  
0.3750562191  0.2602835302  
0.4671752826  0.4244806157  
0.4610762213  0.1379011611  
0.4382580912  0.1093528862  
0.7736264645  0.4764777243  
0.4975280528  0.4016258467  
0.7229275118  0.5217945879  
0.5205512538  0.6995561095  
0.5210543647  0.2623446456  
0.4873716818  0.2386922778  
0.518483661  0.0806878426  
0.5907887256  0.1274169591  
0.8061084821  0.3952029085  
0.805520106  0.4348990969  
0.8442006974  0.3519509613  
0.7742937485  0.294082219  
0.7408162052  0.1186512136  
0.7194968839  0.183676573  
0.867508786  0.17426735  
0.9590333356  0.2396519457  
1.21878182  0.6449381107  
1.043288085  0.6658363164  
1.02118901  0.3941223084  
0.9795530744  0.3184232037  
0.9618100002  0.3472115576  
0.7265002477  0.5782243758  
0.7687835325  0.2141882416  
0.8128632529  0.1950235322  
1.117732993  0.5278408563  
0.7844681615  0.4839920246  
0.8645371382  0.09496572343  
0.92738803  0.2235280806  
0.6334928533  0.3244004077  
0.6526406809  0.568690339  
1.149949588  0.5970525989  
1.481785323  0.3922131465  
1.077871793  0.6426261557  
1.350333395  0.5002811078  
1.105751536  0.5179365693  
1.045293206  0.3816316408  
0.4952661799  0.7497740397  
0.9555500309  0.7728743259  
0.5677698868  0.734039623  
0.6469051377  0.2743380398  
0.8657659354  0.3683619192  
0.8164470675  0.1102519289  
0.8288210564  0.2839566654  
0.9839743134  0.3696811828  
0.7448716829  0.4288883603  
0.6935719187  0.2012055876  
0.6941737848  0.3114221239  
0.6443273878  0.3071468867  
1.116529323  0.645739835  
0.5933746371  0.6945484657  
0.7602230327  0.2291921583  
0.6397072541  0.2350202952  
0.6603509233  0.1474085062  
0.8163931948  0.1793347893  
0.6987224668  0.4194242011  
0.6545927647  0.141594934  
0.9796610063  0.4953388954  
0.9403820462  0.7020604743  
0.7585737601  0.2186390246  
0.7384546795  0.06269437612  
0.8370244082  0.2144137633  
0.7834946885  0.4852225582  
0.6843957545  0.356640015  
0.7828847061  0.2870776289  
1.001742657  0.4816299053  
1.160303012  0.5735729954  
1.075136546  0.3924922498  
0.8844900777  0.3797623997  
0.8315628356  0.1129822305  
0.8370050417  0.1849109114  
0.8247086728  0.09218891755  
0.8850020204  0.3302545897  
0.9696854056  0.2522089679  
1.212851532  0.3053657158  
1.102945281  0.2575518551  
1.268658741  0.3710047419  
1.340583106  0.5070880929  
1.392288448  0.1614840593  
1.357798096  0.1734489921  
1.39439094  0.2607424707  
