0  0  0  0  -0  0  0  0  0  0  0  0  0  0  0  0  
-0.04829423052  0.07689703665  -0.04808073744  0.003166338429  0.0001288916246  -0.001368941623  0  0  0  0  0  0  0  0  0  0  
-0.1191394881  -0.2024272762  -0.0689866832  0.004310679156  0.0001052630105  -0.002765374957  0.01145652018  0.01321720756  -0.05537460868  -0.0006195344068  0.0009835970821  -0.002529064016  -0.0007936373448  0.003643687359  -0.004908659497  3.509948321  
-0.03971680041  -0.09065447237  -0.1187362863  0.002706385916  0.000622612366  -0.001756601268  0.001797621046  -0.008226898105  0.01914886186  -0.0002536685726  0.0002239124053  -0.000340566528  0.0005593439828  -0.00218541583  0.0004957975103  9.831807244  
-0.04780240245  -0.2088869222  -0.1683060993  0.0039349664  0.0001478594932  -0.0009487229981  0.006999633823  -0.1237809383  0.01815074591  0.0001098141818  -0.0003445603823  0.002046559384  -0.002650127618  0.003018897798  -0.002785119104  -20.3638789  
0.03654625848  0.03601420875  -0.1732409535  0.00328293466  -0.0006268832949  0.0006655174657  0.002530455534  0.1175105884  -0.07704272087  -0.0004005194503  0.000920501746  -0.003494803502  0.001001981659  0.002443946715  -0.002301824652  17.62610601  
0.0286866365  -0.2317558803  -0.09839730717  0.002905824455  7.881422061e-05  0.0007882104837  -0.002930121085  0.02574438745  0.01089735973  -1.66668492e-05  6.855065542e-06  -0.0002240486942  0.0009760407225  -0.002081244416  0.001639925565  6.126524705  
0.04034471061  -0.2795937041  -0.193664917  0.002676967299  -0.0006874102983  0.0003641949152  -0.00548760174  -0.05589564095  0.08004248484  0.0002022128447  -0.000621567386  0.002240966143  0.0007852500978  -0.005475917087  0.004216940611  0.6567932473  
-0.06644260644  0.03120125912  -0.09641626319  0.003379860427  -0.0005508082104  -0.0007544686669  0.0002109061654  -0.009639872261  0.05517600415  -0.0004028623343  0.000262753986  -0.0002707737749  0.001699407715  -0.006074331585  0.002673617729  15.50288828  
-0.1446154235  -0.01985408099  -0.1248696685  0.003350713756  0.001636745874  -0.0005624520127  -0.005628863441  0.04826027251  -0.01952892851  0.0003074528163  -0.0002423595645  -1.162791707e-05  0.0003867853574  0.000862433148  0.001001474845  -2.79759325  
0.04332200626  0.02498073423  -0.07161201786  0.00603496423  -0.0002467111335  0.0009274998447  0.012325656  -0.1062017036  -0.002087093694  -0.0003025071317  0.0002551092585  0.0004648694307  -0.002472068017  0.003456844768  -0.004559531601  -14.41835067  
-0.07401292359  0.1542362512  -0.0725871821  0.006412223913  0.0005998780834  -0.0004396548029  0.0003946194317  0.03991008386  -0.07142000683  0.0002741755674  -8.722963936e-06  -0.000652774673  -0.001315268384  0.006285819081  -0.003068204415  -7.218340599  
-0.005079583013  0.05160391944  -0.1189427441  0.007009534165  0.001047337661  0.0003209734568  0.001128717462  0.02136084489  -0.03191233466  1.64934604e-05  0.0001288384262  -0.0006205592305  -0.0004142706344  0.002437624812  -0.001490763863  -1.215570988  
-0.1170757727  -0.1570557756  -0.002762885263  0.006510939449  0.0005566104082  -0.0003652681189  0.01307234665  -0.05678858715  0.02455435853  -0.0009269613248  0.0009653460392  -0.001488508605  4.548439224e-05  -0.002453665772  -0.002363054569  13.28211983  
-0.1354530014  0.09278552391  -0.1779489434  0.006720373407  -0.0001260060963  -0.00567807816  0.002160021143  -0.1443270012  0.06772204177  0.0002609492508  -0.0007450084074  0.003331159854  -0.00183298473  -0.0008348954889  0.0003783269094  -14.83281394  
-0.140507232  0.01414880867  -0.07408029618  0.006627739407  0.0006195771275  -0.006286289077  0.005038537675  -0.03792002997  0.01976484317  -0.0003304879501  0.0002811313075  -0.000174574591  -0.0001029265277  -0.001321279635  -0.0006756508458  6.43748426  
-0.1137762997  -0.05599463828  -0.101239753  0.007249773014  8.403376705e-05  -0.005045400932  -0.002027268723  0.08017223359  -0.08279137439  0.0002956355267  5.527463831e-05  -0.001233402356  -0.0006594124971  0.005980293614  -0.002421048715  -6.61177496  
-0.150146688  0.3278999798  -0.08995538293  0.01231121272  0.001396584208  -0.006346825976  0  0  0  0  0  0  0  0  0  0  
-0.2178663161  0.02562135373  -0.03015281555  0.007203688379  0.0008577465778  -0.006100651342  0.01335196368  -0.1333895277  0.02179428634  -0.0003974477612  0.0002462957481  0.0008445676123  -0.002375603591  0.001860368217  -0.004025496481  -11.33950257  
-0.1960359834  0.5059800234  -0.2049407547  0.005949655548  0.001205735607  -0.006670303177  -0.002786069427  -0.009464959248  -0.002503171488  0.000324689965  -0.0003952298987  0.0009592224977  -0.0005709846006  0.001337083965  0.0002352942776  -3.242182925  
-0.2525746135  -0.1742591752  -0.04255319007  0.005878225435  0.0008860760136  -0.007214831654  -0.009621917851  -0.01547028551  0.06401323232  0.000407322814  -0.0007622010335  0.002094184066  0.001161047812  -0.004905288424  0.004959002851  2.505561849  
-0.2377756088  0.08370402611  -0.05850961889  0.00679534534  0.0007104042452  -0.006865104195  0.01122932872  -0.1607927375  0.06356598399  -0.0003676412247  1.587303004e-05  0.001788409719  -0.001860751382  -0.001234475661  -0.001936727078  -11.15214951  
-0.2360680073  -0.08620075563  -0.02329372942  0.003655430162  0.0008296900778  -0.008220339194  0.003903345553  0.007312094213  -0.003455316982  -0.0003566871363  0.000454918986  -0.001094040602  0.000368360103  -0.0007339847685  -0.0008090427286  11.70999058  
-0.2823084139  -0.06805818325  -0.02825408314  0.004811998922  6.941796892e-05  -0.008176054806  -0.0008647487637  0.1275086165  -0.04890914146  -0.0004093036661  0.000832608824  -0.003286707614  0.002083077459  -0.0007599022824  3.451166103e-05  20.95155865  
-0.3482538376  -0.09445256012  -0.03685202712  0.003451240715  0.0007742671296  -0.009822301567  0.01469020318  -0.08985046203  0.03028253976  -0.0008832734922  0.0008524427472  -0.0008921144984  -0.0006481267884  -0.001702788204  -0.003011242127  4.469299595  
-0.3756062617  0.2116016514  -0.05606001532  0.001716032741  0.001083879848  -0.01386959665  0.005235836484  -0.02667098197  -0.01020167888  -0.0001800733322  0.0002282833781  -0.0002856150636  -0.000820605447  0.001599941813  -0.002074186664  0.04543360402  
-0.3441325738  -0.2116929762  -0.08657644341  0.0006892867386  -0.0004316684499  -0.014734881  0.007706508093  0.05472465861  -0.07458384215  -0.0004288088985  0.0008740788035  -0.002767979992  -0.0004723844217  0.004459643369  -0.004388547604  5.11900537  
-0.4183691827  0.1029125578  -0.1499192407  0.002988804365  0.001201746752  -0.01472630352  0.006636029344  -0.143529267  0.08702923081  -0.0002859432748  -0.0001554159124  0.002091962021  -0.000807656097  -0.004035241178  0.0005283802786  -1.008826859  
-0.3054068771  -0.1477233172  -0.1117256138  0.000979862758  0.0008738283068  -0.01433436573  0.003073935754  -0.007690206871  0.01331391331  -0.0003189369149  0.0003265696294  -0.0005964979348  0.0004543117546  -0.001769732161  -5.136522522e-05  9.782110824  
-0.3311707989  -0.2022807604  -0.1557484702  0.002122423612  0.0001896130852  -0.0131268613  -0.008873262607  0.1623422503  -0.06125796878  0.0001362319109  0.0002578737686  -0.002401557412  0.002153182186  0.0004216034023  0.001624561725  14.07479043  
-0.3883234185  -0.2618043651  -0.0706608546  0.003899878357  0.0005716535961  -0.0116969496  -0.01396127009  0.02386301756  0.033353929  0.00075730568  -0.001022848431  0.002166532651  0.0009644692045  -0.002502627816  0.004951803571  -7.58530551  
-0.4329172723  -0.3476302895  -0.07038314111  0.003036820563  0.001424064627  -0.01445943769  -0.005796247031  0.03986970866  0.0008675471772  0.0002129953193  -0.0002168397307  9.430749851e-05  0.0008505540983  -0.001080725713  0.001945867464  0.1873301185  
-0.4012055279  -0.4439651718  -0.02156510254  -0.0004585584975  -0.0006839050911  -0.01635574363  0.01472906367  -0.06184129356  -0.02055208185  -0.0006646407381  0.0008172675569  -0.001288610768  -0.001613117326  0.002839239402  -0.005155127964  -3.854482239  
-0.3790235586  0.04505729817  -0.02590309004  -0.003999536391  -0.001413890044  -0.0228126049  0  0  0  0  0  0  0  0  0  0  
-0.3829524271  -0.4948090905  -0.1639031241  0.0005940155825  -0.001097021159  -0.01771015674  -0.001967188944  -0.119394884  0.06294365548  0.000480737283  -0.0009649754789  0.003556251573  -0.001526608921  -0.0007822578683  0.001414348798  -17.57536123  
-0.4521700738  -0.1244373516  -0.1226148342  0.0005410739686  0.0006700418307  -0.01889115013  -0.000219819168  -0.04938157674  0.03521888454  7.279537824e-05  -0.0002819425363  0.001247242958  -0.0002609638879  -0.00152791363  0.000950908213  -1.234147811  
-0.4738314568  -0.0391310607  -0.06064492467  0.005913868081  0.001536940108  -0.01718010008  -0.004370918584  0.1154024076  -0.08836826705  0.0002978413047  0.0001143151667  -0.001730957303  5.591441066e-05  0.005238017626  -0.001580880434  -2.120131502  
-0.4960999789  -0.355295864  -0.1293683392  0.004694750067  0.0009683679673  -0.01586924307  -0.008093586134  -0.05486247816  0.0325506115  0.0008069501042  -0.001169234025  0.003258098314  -0.001066495782  0.0006064472957  0.002253435526  -19.43044243  
-0.1274179051  0.04621964234  -0.1146049311  0.007761888206  -0.001237964141  -0.0120802708  -0.003913003036  0.03909188775  -0.02627854789  0.0002792864253  -0.0001921844562  -5.984159134e-05  -1.742761662e-05  0.001813208728  0.0001345824746  -3.245777921  
-0.1799414504  0.007709429277  0.0439512182  0.009653214365  -0.001041389885  -0.0116553111  -0.01268980698  0.02493841474  0.04358447467  0.0005572257844  -0.0008186294343  0.001743466957  0.001451943676  -0.00401922336  0.00526000782  1.839095267  
-0.1917694315  0.1360144922  0.1150010427  0.0113570448  -0.0002616030688  -0.01024079882  0.002694193211  0.06394478691  -0.003634361972  -0.0006441499455  0.0008688869814  -0.002566793281  0.002009650408  -0.003465630438  0.0005004086496  19.51561184  
-0.1196142736  0.6141833828  -0.01427947259  0.01518938318  -0.0002031261101  -0.01005431451  0.00459750331  -0.06151268774  0.01729446954  -0.0001089919782  -4.930242594e-06  0.0006808691235  -0.0009430443149  0.0003018853778  -0.001169210761  -7.091617993  
-0.2004771426  0.205069938  -0.03326220192  0.01041964442  -0.0004624961002  -0.01059704926  -0.01479813399  0.05562569463  -0.005427993784  0.0009262752737  -0.001040540952  0.00174209039  0.0004863027046  0.0005823977581  0.003684963353  -6.887436481  
-0.254164234  0.2216561984  -0.01699931212  0.0114923846  0.0002678643505  -0.01145878434  -0.003999233313  0.02054255697  0.04785688579  -0.0001915628999  6.897068844e-05  -0.0001651309332  0.002069396118  -0.00598133021  0.00369267869  14.01315415  
-0.1627399857  0.4081501497  -0.02625706265  0.01288706064  -5.980554488e-05  -0.009989766404  0.003684700763  -0.04107497551  -0.0013825617  -1.958853051e-05  -1.737316566e-05  0.0004348701394  -0.00105129574  0.001615372017  -0.00158097371  -9.77457308  
-0.08920960634  0.1877963042  -0.04093595907  0.009726854041  -0.00111771794  -0.007176890969  0.01159341129  0.0152313663  -0.02540188199  -0.0008905391706  0.001197890674  -0.002905781275  0.000352673019  -4.285956806e-05  -0.003322251563  16.68169222  
-0.3296758345  -0.233698238  -0.2310428962  0.006062000059  0.001252593007  -0.009063286707  0.01510995768  -0.1270690978  0.03653720276  -0.0007124783803  0.0005784217366  0.0001043321292  -0.00153241699  -0.0005624070339  -0.003475674526  -0.0985032112  
-0.5622523745  -0.5509542232  -0.2244553756  0.00282224291  0.001396275475  -0.01824085414  -0.003349199119  0.05947892197  -0.01617001444  6.974984265e-06  0.0001221142366  -0.0009164209757  0.001007196091  -0.0005702987064  0.000944145055  11.54803027  
-0.7618069044  -0.5242760703  -0.1859711577  0.003009665525  0.001408077311  -0.02529070526  -0.007164237025  0.1621928569  -0.0712422636  7.262159838e-05  0.0003739477289  -0.002696899457  0.001908116701  0.001281428113  0.0007612441405  11.59446629  
-0.4145536877  -0.06695909665  -0.3234250028  0.005851156078  -0.0001444153022  -0.01913555525  0  0  0  0  0  0  0  0  0  0  
-0.5231939383  -0.4819542438  -0.1770838585  0.004237644374  -0.0009338628151  -0.02407439053  -0.009648661195  -0.04889478888  0.04793141461  0.0007728833458  -0.001181180515  0.003286886826  -0.0004393817398  -0.001230049896  0.003481130122  -13.71664419  
-0.311766557  -0.0158863139  -0.1896663234  0.00450951606  -0.001563819475  -0.02077516168  0.001332202151  -0.02085229119  -0.01089200668  0.0001195693132  -0.0001262874162  0.0004410832133  -0.000936371874  0.002132796015  -0.001232218059  -8.628402708  
-0.3036614534  -0.3684986489  -0.2178274516  0.004014758859  -0.002352835145  -0.01865934208  0.000569182803  -0.06457679744  -0.009919512249  0.0004799819948  -0.0006173074115  0.001961577948  -0.00229048102  0.004472333072  -0.001865960581  -20.92932443  
0.01662390818  -0.1459414564  -0.09317540717  0.006930247415  -0.004387621302  -0.005943096709  0.004283179779  -0.1485010627  0.08729761826  -5.217934596e-05  -0.000445965023  0.002786012059  -0.001112035612  -0.003347921687  0.000909946935  -5.001329344  
0.2244013502  0.4451220607  0.09003682811  0.01418121252  -0.007495521568  -0.0037776588  0.003197148766  -0.01249143128  -0.01874428606  -3.382360709e-05  0.0001001305324  -0.0001738085286  -0.0008340917302  0.002260605399  -0.001851677008  -2.758501894  
0.09355404286  -0.1451674253  0.01297454756  0.006928728428  -0.005244574975  -0.007190318778  0.004507026235  0.01037580906  -0.06420707033  6.762338245e-05  0.0001804451101  -0.0007549413072  -0.001675986256  0.006190190569  -0.004061263277  -10.40941678  
-0.06682570546  0.03264417207  -0.03381989898  0.007648828439  -0.004885595758  -0.009884376079  -0.01568881912  0.0923059554  -0.003071410402  0.0007290613076  -0.0007686857152  0.0007896807268  0.001630645816  -0.001459131201  0.004684125597  4.352602431  
0.009946345746  0.2750045264  0.01969873472  0.01264696661  -0.005323541351  -0.009348533116  0.001015071868  -0.04065024553  0.005149996141  0.0001526342383  -0.0002515427722  0.0009758066758  -0.0009878093238  0.001336797165  -0.0007049842286  -13.10937718  
-0.03911107663  0.2485864796  0.008349800542  0.01145149674  -0.003586711362  -0.009929087013  -0.007286372106  -0.01390627591  0.0667050781  0.0001744288581  -0.0004881342533  0.001481698975  0.001466278977  -0.005760449797  0.004671314567  8.833698331  
-0.1856527175  0.08761404762  -0.1732406109  0.01321051084  -0.00311843073  -0.00996970199  -0.005567732215  -0.06178842623  0.01859576375  0.0007528465394  -0.001056876432  0.00302162426  -0.001604881749  0.002135932733  0.0008915903803  -23.9437518  
-0.09048225643  0.4222853638  -0.178604751  0.01468205824  -0.005733919796  -0.009289856069  -0.004166153903  0.007135266356  -0.006609501514  0.0003614487745  -0.0004050100368  0.0008023313162  -0.0003059649278  0.001216177397  0.0006076847015  -5.59891559  
-0.1402855444  0.05428743116  -0.1267846721  0.01050471049  -0.00442488445  -0.01030230615  -0.01073345522  0.07036413035  0.02596903181  0.0002190429416  -0.0002876659556  5.209848552e-05  0.002343145014  -0.004706949988  0.004817244229  13.17215821  
-0.01975641444  -0.05372279494  -0.08504187362  0.01120848395  -0.004687311128  -0.008047970012  0.002075467597  -0.1253384239  0.09168663969  -5.955311807e-05  -0.0004278989645  0.00253668265  -0.000398650157  -0.004661576788  0.002016645117  -6.992157261  
0.06951311382  0.1671343674  -0.08281707348  0.01212345157  -0.00630287081  -0.004023289308  -0.003695554748  -0.02066461877  0.02550073264  0.0002509903928  -0.0004278166409  0.001251508608  2.874246304e-05  -0.001215760019  0.001671611546  -2.125972715  
0.006161982546  -0.09936564343  -0.04367494814  0.01097429451  -0.004478063434  -0.006372206844  -0.001623814167  0.1426346527  -0.0815954536  -0.0001815911562  0.0007009148266  -0.003271542377  0.001320456413  0.002464957787  -0.001244963788  12.22283066  
0.0080237675  0.3826807038  -0.1794238758  0.01927375607  -0.006236560643  -0.007927208208  0  0  0  0  0  0  0  0  0  0  
-0.07608287556  -0.0850442836  -0.07191624871  0.009128864855  -0.004306192975  -0.00736688124  -0.01535786223  0.05739528216  0.009348297525  0.0008410063796  -0.000992708948  0.001676988029  0.001031964141  -0.001154221858  0.004605137282  -3.921813039  
-0.04912690203  -0.1445939122  -0.2572844174  0.01205718238  -0.005064297002  -0.00846136827  -0.002578032349  -0.03392944113  0.02691383211  0.0002356463484  -0.0004297400427  0.001391104539  -0.0002490369046  -0.0009005084396  0.00127298971  -8.459374779  
-0.03836826147  0.005805331089  -0.09192230238  0.01059944741  -0.003910142928  -0.007226759102  -0.01309844129  0.1464991082  -0.05906719683  0.0005899548174  -0.0003196089021  -0.0009572420222  0.001456536124  0.001818064302  0.00226753363  3.101208627  
-0.01853623785  -0.1381080635  -0.1045446139  0.01105032302  -0.00381225301  -0.007068553008  -0.01053725267  0.05795972911  -0.04214619566  0.0008457191031  -0.0007966484051  0.00103353605  -0.0004662275276  0.003985414213  0.0009628853958  -17.86455073  
-0.03899733343  -0.1935629793  -0.03871339779  0.01370743103  -0.004435427953  -0.008471732959  0.001626981833  0.00920394637  0.008624046808  -0.000273712082  0.0003091215438  -0.0007415607215  0.0007027746849  -0.001823973925  0.0003091174605  7.562381256  
-0.08785415731  0.1869855104  -0.0972988281  0.01060284581  -0.003722920548  -0.008099057712  -0.01030583698  0.1499397791  -0.07574873055  0.0004634794248  -9.696670643e-05  -0.001550458414  0.001155555328  0.003072152997  0.0009079180124  2.30178732  
-0.04073019855  0.1149857377  -0.0135904224  0.01087472588  -0.003094519256  -0.006801829673  -0.008223414812  0.1602728396  -0.07856037337  0.0002365364507  0.0002013110579  -0.002324124285  0.001513934931  0.002456049695  0.0005482236333  5.288063648  
-0.1885279209  0.1823821747  -0.2426812157  0.01130208094  -0.003102215473  -0.01501963846  0.001660890748  -0.05257566202  0.01420356775  0.0001058695286  -0.000243637621  0.001110641786  -0.0009830223211  0.0007670884011  -0.0005838809975  -11.52318247  
-0.4453423902  -0.328251168  -0.268386295  0.003416788299  -0.0007251440547  -0.01568125375  0.008426776919  -0.1265296925  0.08038727059  -0.0005027570274  0.0001530801756  0.00121531411  -0.0004030199239  -0.004492260853  0.0001520275507  4.787569407  
-0.3498667893  -0.2363657918  -0.1281978829  0.003134336788  -0.001663937699  -0.01324181724  0.006232434062  -0.09376314586  0.07737504101  -0.0005172559323  0.0002195950798  0.0007353986868  0.0003393000745  -0.005437637993  0.00105057302  10.76796908  
-0.3385677258  -0.2076905447  -0.1171671262  0.001995352563  -0.001526180538  -0.01317238342  -0.004671147306  0.05110329139  -0.02672860084  0.0002646565653  -0.000159045624  -0.0002526049758  0.0002813425004  0.001380117191  0.0004892496101  -0.3090601823  
-0.3912685764  -0.3704706259  -0.0598592805  0.004157496616  -0.001236583223  -0.01376303472  0.0157298436  -0.09489882382  0.01752363618  -0.0008328946048  0.0008353816954  -0.0008552229598  -0.001188575353  -0.0001255728718  -0.003982328322  1.754411661  
-0.2860213796  0.08554656991  -0.04496896333  0.006617443636  -0.001735240105  -0.01345348358  0.01507402178  -0.1243568806  0.0218749334  -0.0006081888343  0.0005121274649  0.0001669874881  -0.001978024722  0.001039916518  -0.004187229515  -1.898559616  
-0.1949182709  -0.1555116435  -0.2371955518  0.007742354181  -0.001917461632  -0.01046139654  -0.002125372743  0.03615763355  0.002079234886  -8.557992029e-05  0.0001367863436  -0.000648846007  0.001033383745  -0.001741334153  0.001217254705  13.2649302  
-0.309006852  -0.3464303078  -0.1031216625  0.005346052349  -0.001857860596  -0.01274229493  -0.007588220153  0.06063040321  -0.0577716864  0.0007025395531  -0.0005587198157  0.0004181163906  -0.0007420827594  0.005124540815  -0.0003866849911  -15.37632897  
-0.3382888805  -0.004896983342  -0.2448871539  0.01020463742  -0.0007559825317  -0.01655388623  0  0  0  0  0  0  0  0  0  0  
-0.569636169  -0.4545321891  -0.214946237  0.004871812183  0.0002236806467  -0.01925278828  -0.00354121348  -0.09577422537  0.04105710718  0.0006309801205  -0.001035152325  0.003394494773  -0.00169825884  0.0008722380162  0.00102466192  -20.57774924  
-0.4863915757  -0.08338113089  -0.1618083464  0.006124822889  0.0008265321958  -0.0191816967  -0.001995384589  -0.0366512954  0.03214178485  0.0001618201567  -0.0003635975179  0.001291665836  -0.0001045419704  -0.001489901176  0.001381212965  -1.405327052  
-0.4033988611  -0.3422912407  -0.08646600272  0.005908711348  -0.0005981032155  -0.01457000151  -0.01365684047  0.1482584116  -0.04426108175  0.0005043992686  -0.000271556959  -0.001022613905  0.002003044734  7.819311158e-05  0.003188817055  7.870548197  
-0.3761423992  -0.2978017261  -0.04326931943  0.007040170021  -0.0003352854692  -0.01327281911  0.01223119105  0.01323044778  -0.04267821729  -0.000789889138  0.001140884232  -0.002827931233  -0.0002843766263  0.00198722578  -0.004393540609  4.682195311  
-0.3896190216  -0.1553041474  -0.1529851302  0.007133003324  0.0003237284836  -0.01389161218  -0.004268099323  0.05322360245  -0.008065997249  6.269338325e-05  1.570815027e-05  -0.0005872856291  0.001043459395  -0.001022727306  0.001431111259  8.811580546  
-0.3691326838  -0.2263287729  -0.1776179914  0.006520704366  -0.0003487897629  -0.013666966  0.002990509888  0.09277525218  -0.08756823245  -0.0001823459403  0.0006686437658  -0.002735810058  -9.999385967e-05  0.004907484563  -0.003417525081  0.9325108758  
-0.4949404928  0.07580000483  -0.1595961769  0.00620032195  -0.0001684699673  -0.01446507033  0.0008271881484  0.02173760802  0.0348548411  -0.0005067731045  0.0005038799414  -0.001192616221  0.001971857134  -0.005439938948  0.002083831149  20.78750516  
-0.4600358869  -0.1298521491  -0.1999295479  0.006221777294  0.001777781057  -0.01668559201  0.004260122889  -0.01132409995  -0.01900867909  -0.0001307855826  0.0002202296967  -0.0004526168916  -0.0007346888609  0.002023972403  -0.002052179982  -5.086803663  
-0.6665713866  -0.0434279158  -0.1257074737  0.005797881633  0.00143264723  -0.02107410505  0.003834031649  -0.05446956897  0.06791485572  -0.0005067375631  0.0002883160867  0.000161309125  0.001035735537  -0.005923225582  0.001775040383  15.05104172  
-0.5662457213  -0.2467530053  -0.1660236735  0.006357149687  0.001124267234  -0.01885517314  -0.0002903226897  -0.09318545915  0.08909578507  -5.856536259e-05  -0.000382531337  0.002111330205  0.000328225233  -0.005591254642  0.002959309518  1.989828052  
-0.5837259758  0.03844318995  -0.2660657521  0.005762137007  0.001676546526  -0.02247919887  -0.0002671563732  -0.0401247475  0.01064207185  0.0002138540699  -0.0003467404524  0.001203452083  -0.0008630194434  0.0009068786152  -0.00015439554  -8.95919132  
-0.7114985742  -0.4312740272  -0.1179780684  0.005576952826  0.001435738057  -0.02269017324  0.01393371499  -0.02024375344  -0.01955198099  -0.0008929953512  0.001137810155  -0.002402446968  -0.0003605765517  0.0006806190733  -0.0041520941  10.87414996  
-0.7745338086  -0.4165639299  -0.2569088412  0.005049135536  0.002243670402  -0.023170745  -0.005946193272  -0.08621172051  0.05359067373  0.0006680924542  -0.001118336718  0.003534873682  -0.001121951905  -0.000651295171  0.002338411598  -14.69984366  
-0.6938005699  -0.5054030234  -0.1931388422  0.006493392866  0.003434952116  -0.02217127942  -0.002169797451  0.06078221914  -0.02253827608  -5.094120792e-05  0.0002187957403  -0.001168702502  0.0008997873264  -0.0001130075074  0.0004026420876  8.040516735  
-0.8060822915  -0.2947513147  -0.1682807139  0.005301114172  0.002114921575  -0.02370527573  0.01279559721  -0.02097640528  -0.0007320090224  -0.0009444849561  0.001125991687  -0.002294833748  0.0002138423204  -0.001291126948  -0.002953559879  12.93405285  
