0  0  
0.1716819052  0.1716819052  
0.2672923961  0.1065227894  
0.1848077186  0.1329382461  
0.2363568177  0.08711386056  
0.2195354691  0.1184257652  
0.1638278931  0.08125262524  
0.2182181323  0.108845908  
0.1886627255  0.1568363613  
0.241947776  0.1214868146  
0.2998768639  0.255260478  
0.3202380591  0.1324221937  
0.346540585  0.08876224652  
0.343367316  0.1583077989  
0.4527266009  0.3289052288  
0.4600178319  0.1147621559  
0.4376652676  0.08046476032  
0.6854899792  0.2700159957  
0.4954657034  0.2586725744  
0.4878600174  0.2011461112  
0.5011229414  0.1710434705  
0.5094462975  0.0507478763  
0.4854341362  0.1702287781  
0.5183288716  0.07846404597  
0.5892890111  0.1257090462  
0.7637072522  0.2327601781  
0.7917640131  0.1097677681  
0.8310509863  0.1545061173  
0.7702410687  0.1490434199  
0.7264458918  0.103455359  
0.687550044  0.1723997035  
0.8183522189  0.1569876603  
0.8804446645  0.2214272617  
1.214945729  0.3941887969  
0.9528342045  0.3667119043  
1.022056453  0.1220964976  
0.9814414223  0.3074665816  
0.9177355643  0.1300785818  
0.7218767344  0.4272622004  
0.7682507649  0.210683388  
0.793649413  0.150149344  
0.9017656427  0.2181132574  
0.7446265202  0.2554716255  
0.8222537524  0.09278395384  
0.8099808763  0.1295006132  
0.5946972875  0.2258743557  
0.6234099913  0.3862540894  
1.046116167  0.5251708128  
1.421537221  0.3894748993  
1.08039307  0.4724659245  
1.295904474  0.3041948172  
1.106775547  0.2500100878  
1.004549587  0.1242452516  
0.481299734  0.7297391559  
0.8328120465  0.500628637  
0.5569673395  0.4453353263  
0.6440012846  0.1999015404  
0.8063865903  0.2757104409  
0.763403824  0.1073447198  
0.8192880776  0.235016433  
0.8673746544  0.1599987143  
0.7396067636  0.2209288317  
0.6943695257  0.1648009668  
0.6679533877  0.2331074443  
0.6414258453  0.1654817459  
1.032961043  0.4154641033  
0.5920191549  0.5039959102  
0.7539265016  0.222997089  
0.6393747178  0.1851985959  
0.652876648  0.03093710229  
0.8029947864  0.1728757524  
0.6629077917  0.1844217942  
0.6385995747  0.1192553897  
0.9505408358  0.4865309758  
0.9030883525  0.4780898813  
0.7370721645  0.2026321153  
0.7228897925  0.05629920215  
0.7762118232  0.1438552839  
0.7729107695  0.1639247408  
0.676534828  0.2533587462  
0.7262837161  0.2201637697  
1.002062181  0.3210919894  
1.098551778  0.363611607  
1.07767922  0.1256398009  
0.8392068318  0.2611158912  
0.796552324  0.1055242487  
0.8328980165  0.1149342837  
0.8083805956  0.05716148903  
0.8768389317  0.1270724654  
0.9697325384  0.1572714677  
1.214986764  0.2880843375  
1.091724054  0.1475445609  
1.265445381  0.2208414746  
1.298653753  0.1926595695  
1.356063008  0.1606809634  
1.294309727  0.1473775412  
1.382422123  0.1468303623  
